1688
20381
12926
2108
9045
30401
24902
14990
20126
13157
24604
20227
20633
6313
29427
16850
7278
21923
13019
5339
1358
9809
2854
26683
17588
20690
4553
285
13802
726
16133
13010
27344
9044
18502
24101
32217
27771
8779
31464
17750
25066
28295
24531
19447
30499
22471
15503
12942
31293
8726
31245
24343
5850
29149
29980
7414
1369
3663
18235
4735
14925
8964
4523
12219
10797
17636
32457
31337
30029
15943
28059
23364
4108
26203
31657
20612
15183
1989
24846
10663
24879
6795
21198
12401
10735
21809
24426
25394
23857
22818
31154
9287
25449
32338
9691
739
31633
546
31953
272
31007
7556
31182
31472
7732
18015
17964
4937
26134
8245
30584
18752
21472
24579
29639
7013
6520
10088
28749
23536
10946
6922
15915
6730
4371
14390
22921
17872
4841
11718
28389
28115
985
15432
19114
17123
20680
24924
26373
15693
7262
21086
3060
3298
32696
2629
13728
13818
17245
28363
13548
32697
9332
20687
15950
6033
31284
19447
23262
3592
20379
18841
28588
4284
17763
10972
20311
1444
20530
24090
2523
27544
10001
25481
28331
9236
30239
1307
29952
2617
10630
17826
32368
31508
25775
19256
10178
13091
31154
18654
7169
9493
29969
11107
7631
11730
4517
3464
15100
18875
10456
14177
24151
12083
29461
11518
13252
29278
11389
4171
4751
5672
29148
23093
25088
11914
27099
12046
11312
30729
3703
21043
21274
2175
10929
31980
7157
32029
24711
7315
1218
18865
19236
15353
6177
3365
4436
7173
13160
3912
31802
16286
29430
19410
26181
28363
14533
11938
5728
29977
319
25929
23401
7998
31315
27084
31717
15355
4295
10918
19954
9287
26576
29709
2940
3753
28384
32374
14004
12774
2495
18011
8894
31452
32477
4412
29866
22958
8167
17380
12454
27169
24728
28141
10098
31558
20434
11910
22548
14938
9965
22132
6604
1258
25423
27479
8778
9786
7740
28719
15391
1000
5872
5918
16754
32205
8939
16496
12020
1316
30861
27352
25366
12014
2018
30972
23929
17813
21951
28724
4773
7631
3342
5263
10239
12997
14950
1560
11253
19829
26079
17239
7804
15188
32548
13594
23996
22584
20425
10101
19209
28534
26591
21511
15382
14407
14534
24959
3173
29041
21059
31839
25346
24611
30162
27904
113
13856
29758
20182
10469
8991
2414
19702
32435
5490
10882
2005
24837
28135
31263
2131
8915
10988
22278
25592
11791
20214
14572
30333
26400
1571
20358
21646
25746
20254
6115
23502
20236
11075
23550
1052
32130
6659
20628
22037
8619
25482
17715
10969
6326
30368
6804
6418
13369
24013
29482
13107
3946
4033
20987
31486
17553
7922
7087
11849
5821
3207
11750
20737
25526
17013
207
6255
29236
30952
1783
7098
28750
2788
16222
28078
13877
32300
11728
955
8482
16995
11634
3649
6797
27505
20892
9739
8096
27432
18662
29465
23787
3624
30342
12450
12889
16383
13785
12889
13155
23189
31807
20208
30595
1224
19756
21466
20204
25683
13436
26198
12152
9972
15111
30121
28130
9934
2422
8874
5941
11788
11605
16516
32388
7623
13417
21176
21212
31785
4675
11361
20855
11731
1045
5308
26674
24189
26309
5351
23617
23772
13120
21225
18722
28105
5393
7667
3023
23199
20274
4070
28216
16101
25377
26644
9968
22829
11831
843
295
25403
28982
5392
16600
13674
30241
1576
5955
14668
18512
7261
15262
28561
12995
20350
31752
3370
30903
28584
23230
29614
31863
196
2961
2300
18549
28497
26008
12834
11929
612
7458
30077
29145
12012
23022
2082
11786
12347
32159
19069
29173
2498
11882
30776
16302
22044
31250
3934
26401
1871
9494
12993
28398
31822
31273
2969
32631
4034
11746
28269
1078
1033
10933
18231
30549
28799
22818
4291
2936
5117
14380
23384
10206
12448
23053
9882
27304
21708
6440
4783
9592
13680
6463
11425
2110
32139
26854
23043
28239
14063
22327
10200
440
12357
20936
176
10449
1105
24282
3604
29205
9847
2003
18724
29232
6270
18415
32383
18522
11669
21298
18787
15588
32403
18849
18966
11792
29571
10929
7044
16166
1632
7424
19497
32196
8989
24131
24113
29046
18664
28543
4830
18822
20656
20861
1323
7446
31973
25976
22447
29035
13951
17944
31171
31372
6977
11428
18407
18956
16703
13939
2914
24612
21406
7843
7465
21253
27803
16398
12290
107
20686
29562
1513
32118
28592
7696
5299
14518
19804
1040
24049
644
14738
13250
32279
28569
30721
7344
14046
18905
15814
10002
30950
880
10288
24458
12448
24608
4294
2833
23147
18649
25227
14129
8701
32139
21632
6774
4357
6456
11627
22815
4366
7245
29911
536
17575
28978
13660
22573
31681
7968
13344
15224
18264
7987
16798
18203
28758
1984
1958
30517
21940
488
30885
27406
30178
15725
17447
6037
10089
22213
29850
32269
17615
25453
6741
15107
20410
6272
10201
387
20313
16264
25430
22155
28160
28052
4465
8384
6674
12427
15684
24672
11812
9919
16806
9080
25695
13509
30637
2647
6438
19845
11890
28738
8441
141
20500
3177
13722
17067
22528
7962
15982
9402
32367
32565
30757
27836
15664
7136
16286
17705
4519
18043
1028
30343
8214
22743
9278
24379
7195
2978
15238
7583
6778
4390
8535
8276
12317
18484
8333
4314
601
7002
10696
19549
11379
24668
1297
24274
7779
19426
18112
13379
22743
19823
2972
29799
10875
26514
16453
15478
21112
22624
30671
11067
11322
9761
5552
29547
18551
25674
20188
26677
5997
17580
17966
14362
2155
18666
18442
18943
17042
10288
26945
28801
23261
15650
3380
26504
11103
4115
5949
20511
12236
20856
19274
7811
2875
22684
8651
11897
6954
31381
4815
29157
15299
19830
7273
28057
8542
11206
2137
30827
27462
3121
13544
28810
21440
382
25876
23314
8521
30401
23533
8669
15648
31698
18239
25501
4868
13821
15729
2599
7743
18683
21165
6930
18403
19489
2370
30337
31316
8152
8518
30781
3590
14157
2943
12039
29576
10858
900
7724
16066
9220
5407
15705
30587
86
4342
10929
21278
12206
13418
17181
15293
12646
2240
5347
18518
15126
15742
24699
2645
24584
536
7070
21595
19692
8908
10911
24126
27597
27851
17406
27217
1092
7577
12859
20453
11244
25014
26600
3855
6933
9854
6658
20908
14781
17230
21633
32163
30908
15848
15662
15466
19262
11801
30901
7116
21622
1177
26107
11241
7569
14642
9137
15998
26601
9252
5162
11110
28540
1737
21353
15969
12700
1909
21375
12821
3048
9376
4884
23634
18298
25415
8771
28570
25698
15503
27051
30177
14675
3756
26562
26769
15261
5377
22637
2513
859
11144
31438
25351
24558
24949
26973
3227
4266
7958
14395
8959
30158
25342
19907
3308
19898
23138
10593
30446
21084
22723
3239
10274
19180
29389
15005
5182
26073
16512
16729
20179
28419
2701
464
17359
13866
26371
27116
22854
14758
2346
5343
24178
26969
18607
17846
27640
5603
9218
28721
6508
24596
16893
17362
11288
15527
14022
27956
8953
24621
4086
414
17419
10055
27643
18648
3783
20248
8379
22845
14313
4602
13689
14866
4726
31856
13309
22
2558
3677
5359
6234
4638
31859
19333
13651
12106
9709
13406
4654
31945
4737
27565
99
21505
3216
20121
29581
30965
11169
11236
32633
28684
25357
26571
31869
24852
26875
5934
17931
11142
2447
22001
18309
4108
14943
23714
19283
4928
551
6492
16436
32183
2237
20459
26833
7486
25415
1328
10648
11107
28843
14791
26823
32056
23111
14312
13511
24659
3299
30859
9404
18713
15843
25552
10074
13885
20673
28829
13306
28035
12475
26505
4589
30154
29385
19705
10768
29257
21458
13960
5792
17177
26399
4013
25936
3827
2320
4504
16281
6716
27150
29276
27986
3902
17856
3923
25984
7097
6786
5822
24943
1946
29971
29869
9730
10506
9357
1823
30535
22954
27291
23913
27214
20765
31718
1756
2364
2248
25808
13474
32155
3285
9829
13033
13556
24190
8078
32068
13216
19336
5768
29261
2523
24333
30357
27280
7962
20351
5618
13988
18335
3562
6152
18587
22602
23161
16358
3229
11442
572
18159
13519
21364
10792
3024
31865
21707
19296
11702
9833
18273
17587
26557
14994
10085
9573
16555
18169
9182
5426
25310
10194
22079
32144
12419
6885
6203
22581
26633
8759
27610
18137
27861
31207
10701
22589
2104
9558
27135
7788
13982
22410
23148
31296
21768
15061
30774
16425
17084
23473
24309
6698
19258
15087
8783
19236
27763
19217
26058
14167
19766
23796
9949
22054
30699
16306
27981
28954
11651
6086
21943
21546
25775
12657
10856
21306
18768
21085
32373
18657
20527
20097
32521
29295
13039
25668
28409
19759
26688
9189
158
22761
27733
26138
483
25515
28055
5623
3741
17097
12699
21010
15643
7459
18001
10469
30974
10918
21375
29811
75
3350
8302
6447
14015
9738
8676
11289
17251
3640
9297
17450
11360
4594
26189
31474
25875
22257
14146
24704
612
3922
28262
26242
2388
24030
19949
1709
3030
20366
9852
10335
2016
3662
20192
2435
15553
12546
17408
11958
27317
19655
1296
7847
12471
11131
8
27844
31894
19327
8789
22291
16715
3259
25038
31581
26506
12003
20969
26514
11415
1273
6447
2409
25435
532
23277
16711
19383
863
26925
7266
29720
31588
21220
31270
22860
25227
8813
8408
14484
4317
24630
1401
18426
25870
11706
19181
18660
23739
3247
15452
10474
496
9856
18137
9445
20973
10237
13889
8776
298
1362
14694
12980
16536
14901
29037
30150
26666
23140
4213
19764
10900
1615
19322
5912
13907
6161
9080
25227
26605
7333
18899
21110
29050
27991
9206
8869
7011
32120
12858
797
618
12374
24074
15792
30442
19308
29510
22990
24928
22741
18660
12958
20523
3591
23773
13133
4752
2749
26439
11687
1281
1077
10430
32484
29343
12444
30729
30404
12285
1735
21243
13534
21287
9763
30358
28724
11491
31471
17015
23820
26422
29352
27502
9467
27946
21701
16748
9539
32719
5029
3234
26463
7296
10694
17895
2011
6247
22327
11866
32617
5444
21328
2633
562
13161
18080
850
26986
9481
8487
30152
23335
1715
8389
11609
9331
8474
7155
21741
31135
30743
25777
7632
4315
19185
22463
25108
19204
27099
27664
17969
24253
1214
22140
7663
14785
22329
5557
6278
3192
21991
31356
30723
13256
16608
21
22509
29997
16258
2296
18217
16652
26993
21449
14619
28484
24796
15498
4622
10759
25090
7696
21206
31464
27637
26547
10163
11828
26270
15178
24185
134
27138
10071
2030
19094
2755
20862
18548
8018
20458
9532
7144
4144
13795
23253
4297
3010
25289
27278
16029
2699
28645
16413
31632
32273
27761
16990
5471
13875
32161
839
4468
12477
16356
11294
14419
1850
19815
31209
28724
28425
3546
24103
10993
32691
13176
6077
27427
13180
2369
22579
9352
22072
30346
18720
31657
22112
23480
1507
10425
11365
11337
23956
447
19524
27156
28987
28664
21851
26065
575
21622
29819
26843
1313
8206
11326
11317
19561
8817
30619
16587
24545
21657
31415
19707
21506
8807
13822
17236
13740
30602
28531
30366
24090
5026
17988
12058
17172
27045
9378
9483
5990
3714
975
1140
20370
31493
13945
24100
24258
9467
11590
10736
16384
13206
27056
15936
8105
21267
4883
24781
14623
27545
25092
21672
15551
16229
21989
2431
21011
13348
26806
20508
2632
19360
13614
14382
22242
3999
17163
31564
22702
29960
28070
6455
6904
31304
6346
2399
3839
1268
10182
9641
23462
17072
27329
12912
21868
4431
30286
10186
12958
12860
6465
8204
20428
19736
25792
3984
6265
1444
31389
10677
26646
10466
5603
5928
30514
13687
430
24930
10475
17236
29248
14194
19624
3733
29778
28669
10250
10665
26280
27779
23839
6836
12776
16867
217
26673
12972
18978
30143
22748
2518
872
24291
27343
18212
24651
16148
17899
8708
27984
6228
11641
13481
28591
8077
13585
27998
24919
22655
15547
10778
28210
11773
30805
12885
22186
23129
1589
795
23404
13341
22799
8543
5740
13051
31000
26257
25897
16647
24683
31603
18482
11300
30380
29992
23529
19388
28652
18573
20103
11957
4813
1997
30560
26016
10727
7728
29545
15667
9322
32308
27383
31993
10756
30175
25801
32328
9733
7507
19017
12148
3521
5027
271
22338
26165
32229
15783
11423
19694
31881
29588
5778
2087
2793
1684
10352
25138
32032
8486
11855
21529
4128
21578
23996
17284
16383
25736
32433
22493
22674
26675
8385
10931
29757
6895
12438
22364
23817
2673
413
11743
1015
134
8192
3345
661
20055
32469
10237
23246
23787
22165
14985
26886
9965
18383
29015
15463
32688
5661
2282
18805
19312
3928
26634
10985
3291
29448
14697
25788
27599
28190
18566
23938
6502
32486
9682
505
13616
21815
22034
18146
6079
749
4356
32015
9833
4248
21317
11198
5193
19062
18290
25893
13447
22943
19085
18766
16857
32128
4003
11045
16202
31114
9900
3024
22075
2859
27315
24638
21927
31742
6967
21763
13995
9279
9424
1123
19013
29057
23830
21164
29788
17827
13758
25802
6144
16896
11014
25877
6388
21222
29012
2669
5737
3914
9753
5513
17165
16569
2044
14476
32324
10130
31285
7385
4789
20339
22326
31529
15881
2033
22161
31195
26095
21900
2582
17803
7780
28385
13883
6117
25905
6690
2498
8379
14005
32452
30869
1366
24548
16247
15861
27146
12688
28763
18899
14861
30952
15729
7550
8586
24894
21840
23423
28144
8973
27673
3777
18576
9274
27308
27894
32615
28058
7708
6197
20536
6581
31585
9192
27103
8393
19277
24805
6113
9746
21186
13531
19527
10825
19233
240
31661
18283
16133
23464
32662
22971
7986
8713
29442
14858
9160
9213
15683
27958
19901
28663
16140
27889
7305
473
21963
28099
19491
22806
10552
18002
12077
14867
30510
23522
31083
7892
20923
14360
3706
6868
883
11267
10431
13876
3593
9309
27805
1048
30496
4877
15339
30799
22366
4593
23973
16434
24514
8923
19937
8910
18744
12505
18949
11333
25195
14010
27960
10353
12251
11981
28950
12491
21039
12268
26280
20875
9932
23481
31635
2577
22182
552
8079
11396
18262
7742
7707
24761
8814
4120
112
20054
26377
14382
19379
12855
14758
22489
28526
25360
26166
23315
30785
2388
18547
28542
23253
3670
3700
3241
27410
1711
2430
20878
21394
7135
286
23391
8533
14647
15476
31106
14262
32758
13778
25306
16541
18098
11398
20552
27895
10233
2291
8305
6499
25657
18151
26818
11054
6877
23080
6066
14722
7865
16720
3143
22234
27048
15067
18140
3769
29555
20607
5921
27548
28661
11452
27491
6445
14461
28339
9486
30393
25716
28731
5744
11748
21824
12850
3519
8604
14695
25361
4446
18763
19192
13251
12636
19537
19751
28344
4670
29105
3383
1333
5374
14346
27293
1774
16467
10698
10850
14294
20275
16798
6601
14390
2198
29485
17458
29436
17534
11269
16446
18006
16948
24789
22580
6784
13268
31454
4515
23259
8971
14756
22601
1342
4896
23785
20532
17296
1073
10971
4903
17303
15296
9869
23871
16651
30318
2724
27862
30191
26373
23635
6568
25889
9916
10889
26420
13103
31415
19816
5734
364
4814
14842
31346
32579
9615
15903
5379
9676
3462
14538
15765
20893
19388
8813
22559
12003
4989
31154
24310
11185
17246
26732
17390
25751
28543
13517
27842
16247
24846
21209
20150
10388
12044
10778
28026
9708
21588
25494
16722
13512
26329
21502
18548
9617
21551
22056
18353
27109
18253
10687
32344
2282
7057
10810
20824
11746
260
29194
12708
1280
13792
15896
16860
23162
31055
9582
32553
12256
7030
31028
29033
15276
20146
24799
9868
1818
7713
1701
32061
7738
11621
26676
709
1603
9636
8099
26669
28202
29651
14505
21155
19827
15413
26125
2848
25928
10014
11101
20807
22472
27389
20195
21903
18849
14233
10197
7844
16865
26267
7372
24075
15369
5453
26231
30725
8291
2977
27281
17079
5782
5237
17168
16519
26232
11029
17824
22985
23331
8706
8015
22939
23627
9970
22666
12813
12751
18455
21832
19334
9613
24228
9605
25443
30587
654
14834
15840
22516
27535
20715
12092
23631
25457
12201
16408
8630
11657
31673
28961
4661
1922
18604
25070
18
10076
11793
24363
2909
23219
31136
7160
1479
11077
20920
6796
18616
11439
23564
2078
12699
22391
15513
4101
14461
5455
219
27166
21718
25240
19264
10350
9382
10534
21213
2056
2500
14403
2911
18737
12659
32246
2373
21187
14903
25989
30285
9423
27623
32568
10796
24198
13826
21856
15234
23386
26694
4760
7437
11104
22911
23883
6941
27385
28830
3190
19784
15793
17418
6575
20574
28775
17211
29799
23712
1711
7812
6764
3116
14196
24880
6577
26044
7394
29137
24402
32656
7042
27861
30675
20137
17575
3418
9385
30264
14346
6212
27387
11094
18609
32140
32681
245
26901
9178
13454
12311
8835
4695
19202
12350
7107
27836
20387
13347
29432
30128
25430
24234
28359
2896
5512
17430
19131
21007
13242
2937
8936
448
12860
17519
17103
2289
4664
17676
23426
31355
26867
9235
25865
31063
27728
9065
12035
5811
10390
7881
25744
22085
17266
21176
1903
19680
28736
4028
9828
3397
31110
11721
21213
22331
961
21500
6612
15586
28005
26764
1015
12868
28703
15613
24839
15149
26461
19094
25214
11069
24592
4886
18804
11323
21936
31139
11203
32428
16513
10243
5226
10404
22806
21518
815
1757
13587
31075
3977
29702
8503
23387
12988
31325
23705
25403
32070
17280
6449
11950
15226
14976
26011
25202
19819
5176
25624
5457
13835
12765
29398
26451
9620
4566
10609
6450
807
17101
20409
14350
14771
3334
12726
12642
19481
17903
29929
25399
29838
505
21205
31895
21312
6311
23742
16965
28732
12004
11441
2987
5263
15258
10180
3092
16043
14976
13727
15387
13837
308
4411
30563
541
27273
5866
8841
18518
19490
13208
27991
21926
27200
22864
1339
22296
24024
7426
19447
1456
8425
24963
26265
18838
13580
13269
14510
6264
6221
15529
8115
4905
31801
27426
716
9870
29496
15580
2745
13242
2077
18221
5637
856
29692
26026
15744
2121
26171
12781
31984
13711
4844
10390
21508
27498
31578
8080
29577
16320
9442
29078
19168
9666
12805
757
2480
14541
4539
915
27096
11918
14601
4656
21928
13418
6869
9452
15952
15389
20986
23305
13976
31649
12696
7155
9682
9297
12205
10109
9997
5454
24042
31598
26764
3362
25791
12860
8055
7843
13497
16151
25551
27930
25101
11049
2215
29605
24181
14365
17554
23514
1338
3038
15960
10157
11666
18849
20973
12948
14125
15397
8611
19945
17675
30009
18334
31887
6800
1664
15240
4568
20186
14193
16519
14246
19026
23713
28524
8145
17025
13381
12590
25801
10278
27634
15766
23933
15237
13224
29243
26747
15105
527
5553
29272
24557
28160
23294
15186
7584
16711
14669
8244
22215
10408
27623
27258
32000
9504
11870
27574
20132
8812
2315
26674
9955
22224
16827
5335
5143
20497
17574
11341
10322
20931
6561
24420
14393
26827
14740
9395
31766
22556
22573
11135
18216
17092
30166
30174
18750
14124
19941
24091
3716
32667
29971
2909
12700
23549
15408
6532
29680
2275
11029
30804
12359
14282
10201
17877
23447
23712
7752
10233
2074
29828
15248
27008
7844
10702
4670
24089
16948
31055
14953
20938
4553
15578
16941
1937
15479
16130
604
2892
7097
15398
11119
23254
18441
29867
7875
10867
23470
13449
26626
18542
22486
29705
27358
25600
24548
30157
6406
15220
16139
1552
17490
30089
27676
16175
24897
10776
32668
30568
19878
24054
20506
15330
28574
30236
10431
31982
16581
26117
20007
20365
6570
7512
17775
26674
20864
30919
4496
13001
1558
14903
23275
11255
8201
19489
13605
24484
26424
21560
30516
12471
15224
22860
22970
20000
17801
110
20370
31004
13385
9557
19625
180
23080
20992
28432
5767
16092
22941
15951
24778
31062
6826
29947
28045
26100
11354
2187
27456
3320
31546
25447
19061
19769
6420
1346
11496
7960
17427
32170
17852
950
26921
29917
3847
29796
9646
14047
30865
26203
3146
29897
29657
13998
12564
12388
345
4732
16635
1526
8971
12138
10342
18524
22572
26704
3351
9049
1600
4659
8021
14382
29526
7540
1610
26731
13709
22342
27562
17156
15319
24421
27285
18343
21501
9734
26047
29773
20964
1545
2254
20752
15374
20342
30979
28220
8547
22055
31005
2216
31794
22722
1146
18503
18035
21483
9600
19706
9039
5559
2875
32168
16866
9571
8775
19857
23871
21318
13553
27615
32180
1284
22169
4478
24400
4613
7771
24878
8611
17445
29934
3543
9413
20653
31179
15132
14234
23939
17298
19506
31571
26269
32682
5363
8248
6075
13608
8494
24485
28246
12019
1602
22355
14291
20773
29419
10713
16381
23988
29019
2163
17330
27729
3981
2561
31708
6544
25046
29523
21668
12618
5053
21667
9442
22592
31500
8291
31191
30976
24871
7994
19230
30733
30365
25929
10976
29498
9469
11442
17992
4183
13035
14683
18998
7951
28274
10735
56
4625
20892
23078
14262
4974
21824
14919
20332
14402
26140
16363
29469
6039
12323
21507
24966
18566
13336
25116
20114
2975
23388
27874
13772
9100
32261
19427
12569
8432
3887
30358
10151
9621
25495
156
26913
25287
18022
11077
2341
22267
20554
12374
3831
3765
13515
10762
19831
27816
31197
15446
30544
15646
19889
25457
17267
6298
28369
2964
13764
22972
23148
22015
24594
10854
13550
12092
12109
27677
8404
6823
6387
32690
30655
22318
15564
12321
6599
16726
20183
17593
18193
5758
23940
32381
14244
32104
18467
1227
25976
30709
31133
1339
15568
8752
15202
2762
9930
25230
13474
20536
8757
28533
27072
4526
24226
19962
20484
8612
3518
11759
18832
17666
24287
18205
7573
6789
22748
7118
16582
4453
1570
17551
525
13109
9988
10547
28541
17674
24147
19227
1929
991
3119
1205
2675
56
19228
25155
7
23814
17241
30686
17800
30155
18541
22714
14315
12286
29954
5035
20035
31665
14582
22760
14461
18289
3504
11536
22093
27502
17584
19818
6760
20444
9322
10609
11764
21144
18261
5520
26684
12303
28991
6954
28329
29532
20195
2525
4334
12720
21437
11784
13698
5367
10781
20618
27219
31160
27003
25549
28089
9277
1802
516
17320
20725
13455
8368
11051
9238
8564
7529
2061
15494
21016
2011
5337
28156
362
19727
28934
26211
16566
10220
24427
17023
18879
31485
18681
21970
14093
30580
22440
10689
5768
13679
15794
30707
2630
8571
32000
9210
27554
25430
17121
30773
9358
8698
11266
10740
13098
18646
1179
26846
2965
12895
22758
32144
19458
23495
27093
15239
30479
1548
23044
19008
10323
26677
9965
2461
30518
22233
16987
5515
31750
1248
24609
11490
11079
16781
19467
32653
31562
22461
23573
10218
2049
29289
21211
21363
10513
10866
18001
24223
11817
8606
24244
26627
13714
20189
448
7869
20744
24530
15908
20498
27849
21390
2867
30806
11499
12959
12508
23308
13554
2121
27612
26191
3490
275
8754
25969
7442
21126
15315
18145
25858
20529
29600
31058
31598
20976
13461
9241
29028
20334
22339
16087
7186
21737
21376
19545
29731
13621
14941
15548
32588
7428
3160
15061
30753
27492
16339
26832
10286
29577
3013
20502
10307
3021
19120
2165
31503
3573
2515
23163
13808
11446
6304
24866
11274
17016
11376
28339
20375
32089
27766
14564
15741
3189
31217
4163
10022
12901
18598
9944
3724
24837
23438
10758
2195
17018
14796
13235
31132
21364
12257
22185
87
29361
12579
19003
728
2499
28012
31019
4590
13074
28431
30667
5808
292
21776
9571
32344
19228
32148
31955
22613
8833
13462
22649
6811
22081
15068
11605
62
9974
14633
363
13887
4199
29621
8553
19110
19538
20954
22922
4560
29289
3600
13754
30219
22938
8731
3323
25952
7827
17283
23559
20912
29574
1093
13111
30467
7465
27592
15267
23580
16642
7186
6027
16721
26849
22332
8694
29081
24494
31011
20888
10727
19300
14689
17145
2742
10334
18812
11732
18405
2514
9052
18877
2758
17307
7171
26119
14962
24891
3704
14565
7775
3616
13060
10703
3892
21286
30369
6952
10715
19806
26288
30493
14552
16910
1258
976
18394
13304
6041
17078
5520
24031
18952
24381
22462
13896
12600
28851
1424
24702
2260
4963
7214
11992
15463
7425
4496
6718
4301
28744
27028
21226
488
13281
8526
20076
10388
28807
25759
30449
15580
23145
16905
24516
2158
18895
20673
8981
23884
9985
32006
19706
25797
19813
28338
30643
23204
10727
15887
32050
2215
6301
27371
25051
5682
17835
18927
23688
69
5477
23596
8144
19884
22452
17655
18569
21365
19131
20983
5515
7591
12474
18812
19639
20529
32050
29458
28984
5153
23882
3671
12041
25878
8049
11273
8119
21240
15941
7523
19561
3046
4787
28074
4381
17008
29024
6659
17716
17415
14152
31623
19761
21425
2470
6041
31166
7426
19731
19063
22512
21319
6129
16
22219
20740
9226
28438
26121
19361
885
2643
29207
28512
7354
7232
24929
30610
12853
16596
30415
5899
30912
12698
15759
17619
396
6150
25110
16670
31568
23049
7265
26238
3750
5347
3969
7000
22961
14905
16982
30613
20228
871
5531
29337
31679
12055
23330
11641
30971
15635
29281
11624
3177
7255
3630
6771
15413
32619
1991
22127
23089
19183
25365
47
18991
21111
26674
14074
1966
22426
30248
12859
11962
32582
29436
379
3085
12630
31979
2189
30842
5735
16627
3080
908
10215
6805
25083
12650
1646
24794
6875
20477
2642
1172
14016
10069
17014
25574
15057
2377
21858
30470
15101
1118
30873
14914
11245
15851
29222
31041
4406
14202
22649
24460
23506
880
1137
29260
3281
11505
27066
22358
28748
22270
18777
3428
1179
22240
29317
31141
25031
19914
1465
28281
13634
1466
28167
3957
9686
5536
1199
13998
13276
4290
4848
16180
27054
17759
9758
22748
28767
20114
27125
18755
23721
32122
32045
15887
18470
23960
29774
5240
2755
22648
32454
14856
10355
15508
25145
2718
18208
11125
16408
20409
16615
13083
22901
17651
9860
5791
17686
17868
17931
2583
19400
2217
2522
26042
24309
2845
17355
5189
23929
4966
14510
16541
6834
27451
32758
1717
23510
14277
2994
11186
16266
4843
27839
8525
17328
18898
10044
22649
23936
25764
11071
10054
22490
23441
17862
17926
27610
7444
7665
10158
18350
18808
4718
12671
30628
18330
2868
5605
25991
5872
4980
22175
25132
714
20428
12832
27976
6872
9407
53
12164
5357
8546
16873
23252
31746
599
26790
25860
20606
24831
6300
20628
32181
25324
27238
30661
18606
32149
28651
3572
7209
8782
131
19239
21984
26231
4188
30182
30990
31731
5915
16204
27182
3548
18886
9565
6149
21876
11233
20378
13794
31583
15319
6611
27429
6416
16028
16701
7166
28290
28305
26564
12151
8232
4520
24994
30389
4390
15048
305
6522
11713
14963
21757
11247
14868
678
3102
20897
30981
512
29893
4553
16248
14887
18708
16592
18371
5480
15923
8978
22881
16285
2464
11491
6378
1620
20678
975
5186
1069
14034
9510
24337
7044
31938
21945
21364
1104
26558
16094
19187
29003
25004
23738
25522
4180
2047
8639
9707
27153
7375
29555
7579
25816
3631
25715
15484
28368
1979
20408
6196
4947
17008
14618
22732
32663
1729
5906
27491
14990
5350
27076
19748
5130
26488
17213
629
3877
1083
9465
3697
19424
20283
22184
32409
13322
5146
6705
24262
28516
14760
24824
10595
25346
21428
26205
2008
16372
1826
21381
30537
25894
29758
20572
9601
6277
6992
9690
6697
23395
28529
21894
62
24093
2972
19001
9154
22267
15880
1573
30641
16471
23989
29205
14390
16898
7749
12790
32031
18915
22030
8855
20623
6113
27245
25773
7666
16644
22109
6426
3382
28118
32584
12911
7737
22544
19485
32687
6269
19314
12962
21590
8995
11763
12044
29081
6423
21274
22989
5360
28040
7852
4013
20434
13467
14983
24604
3263
9312
25550
13766
25988
8709
4934
28009
11963
12105
1280
20195
23697
19508
25401
7312
9420
8453
6270
11474
524
1133
3348
16881
31824
12794
21398
5158
23229
17622
2272
16882
8859
19121
27436
6836
1953
764
27771
30587
12658
7768
17463
5657
31335
4686
17430
10873
2959
21824
29761
6706
31220
5791
15030
5723
18720
18271
4586
1954
30432
1704
4787
152
29768
18127
21862
10831
12279
16004
28220
24359
5533
31309
2299
26597
9914
8755
26578
3845
4264
18362
18820
32338
25563
20503
31433
6835
20584
20126
5873
21064
3012
25466
15306
4277
17358
29344
13508
19902
17168
18182
24915
27157
10818
30223
23189
20079
25360
5962
7221
221
12318
9309
13455
9306
32328
5436
16404
5792
23342
3231
13296
8257
13552
10418
15339
27378
18230
19470
12173
12842
22900
29416
25222
25068
12908
26760
21581
6112
25844
28925
774
15017
23033
15120
26025
7027
15300
11894
20833
21963
9852
27210
20018
25012
16876
1978
7903
3063
10375
29952
11
18618
16297
31892
25246
5204
25888
19615
9578
22112
5611
4787
4623
31504
29249
32698
8475
14021
17110
18477
18806
10204
25433
29831
24318
19146
13889
5624
17518
29803
1481
13149
29828
18071
30265
624
9827
21239
28008
16700
4406
24598
4991
17365
4886
1211
20735
2629
16174
3447
28166
29385
5916
24698
14030
23614
29595
21418
18806
19670
24671
10487
28933
28943
28481
9448
12716
1766
18076
29562
27211
2375
28407
20267
12087
12233
9188
7762
16955
5784
11303
31409
19420
8882
32027
22349
14817
30295
11602
14462
26387
2490
31356
12866
28738
15357
26250
8406
23176
28764
12307
20360
28370
2985
10742
455
28315
26104
13889
4732
1531
1179
26705
7581
7905
12369
4667
26622
31132
15290
16747
31083
11937
3598
28299
7413
32136
17935
25767
15241
3415
2364
9102
17607
515
21320
16763
6672
2868
22986
4084
12257
20553
22582
2035
22880
23964
22540
16708
29237
30471
18767
31022
23195
29607
32569
27733
31159
1759
25901
2015
14888
6816
32749
13782
13535
7912
3853
18637
32305
29321
25256
19143
18730
18732
14673
13140
21797
12949
14924
18685
22937
10025
24575
12770
25654
15789
26275
30626
23857
28240
4927
635
9692
1772
26327
20403
1401
13449
4576
26422
22608
17955
15352
21632
13567
3245
29652
9917
31762
31829
23418
15407
1491
29450
25776
23761
25187
18491
12724
26682
24586
2530
28205
6851
19404
2754
13410
11756
8253
9708
21162
22524
5782
23432
1315
28392
19975
10962
30631
12918
32079
19811
9212
418
25227
14258
24651
32577
25931
730
12756
27108
7915
9118
14303
11007
15649
4778
17142
24907
29394
18971
27729
27240
27434
15426
16786
12231
29419
10149
22707
15047
19461
27719
24636
21534
24424
17962
32697
12923
16662
4369
7275
31850
14972
31114
22078
8567
20226
16172
20731
20118
28385
27678
7615
450
19508
9689
22700
229
1619
31534
20190
14328
8028
21386
16544
17003
28690
25465
5088
9159
3563
19049
2785
29586
22372
15793
21296
115
6808
25809
217
11926
2577
19195
18906
5458
29662
2515
5592
8201
28389
4468
13841
13904
29307
12723
22930
12112
3122
18599
4522
5228
10226
14953
31390
30501
7756
5656
23710
24122
32010
3104
22776
3603
15883
6588
30604
12383
24654
3514
10368
7933
5964
19071
3637
22040
1163
26954
9081
20887
12144
8893
4606
22964
12117
8345
19722
746
15323
7369
17521
25877
6017
29090
17345
19925
2166
32617
20924
29235
21420
2837
9227
25479
28206
31319
31536
19353
22707
4312
31421
13318
22899
4802
20931
23781
2105
28801
18318
26283
24762
24523
143
21324
20261
1501
3994
8867
27387
5896
10066
3604
21537
3949
32737
10096
26164
26885
17644
24344
13852
29412
8133
13670
3556
11710
12771
6984
23240
20906
5008
17966
16784
24870
10978
31527
19741
27995
28396
5446
27458
28579
27445
19275
11221
23625
5994
30847
30213
21136
22351
27872
10221
3574
14075
2174
21610
31929
14149
9765
4906
8091
15994
6460
5894
5858
337
17133
32402
164
30752
647
4850
3137
13391
1312
26863
26417
10765
14462
6218
26368
16963
25912
32079
5270
18630
13336
14510
31932
2769
8900
24967
27100
14770
11165
7620
27400
26051
9448
5291
19518
9628
6956
28595
25579
15751
10970
23959
22957
23349
7475
19370
19037
14767
19559
18794
27981
16782
4858
19031
7886
31087
19052
14854
29686
23202
7449
5745
15264
24098
12126
1169
4275
21962
25597
4911
25000
26053
16323
8183
4422
12871
12392
4814
5296
5498
15030
25445
12962
29116
21485
7438
18424
29703
27239
21711
13680
23216
24952
17845
23216
5205
1176
1899
17035
19217
13764
4875
25728
12273
23329
2612
8067
6828
20451
29789
20993
20878
23661
26217
13086
3510
31161
18555
20801
3969
25595
11787
22994
22342
16513
29754
3650
22084
23262
6754
2636
11224
15687
2290
16251
17140
10301
14969
18925
25548
11629
31488
598
3538
29140
12701
28999
11749
23334
26693
1969
1221
11377
1506
16549
20939
22013
28325
4189
5591
31864
32414
17536
649
31567
4746
14754
27060
26207
4844
2570
16655
20173
13663
6585
3630
20274
26666
9128
20145
8956
7189
11344
12476
19729
24699
32111
12199
4533
1441
3850
26870
18349
14662
430
15755
17572
20859
3580
4890
26831
14773
3429
18910
3533
13857
49
14986
23761
28983
13510
20611
20482
1938
29735
5196
25378
1535
22459
14913
14190
3540
11344
2441
11974
4995
1631
12102
16910
27502
27537
21006
5844
6397
13699
31135
6195
5102
4550
7886
5879
30701
17195
30657
13569
21093
2109
21598
8174
661
19214
7939
24307
24550
32311
21880
14347
6780
19226
3618
28757
2571
30058
23929
27575
24300
6126
12220
28616
26992
7809
27363
3565
27508
8542
27861
30914
10293
1434
14811
18619
9830
1778
28500
29707
22656
3783
20139
32196
8026
31847
29831
8256
23289
17038
4161
30401
32169
32301
12187
27220
21836
27241
29359
26107
32499
21991
15397
5642
14507
32071
12713
14034
1434
28398
8348
13949
22602
23561
6922
11833
14148
31438
24797
30361
4065
24069
26960
23351
11101
26056
8358
12703
31277
11655
11803
22376
10642
6991
22043
23460
14191
29771
19634
22395
30808
6795
3140
14866
17387
22532
1150
2994
15203
23256
13708
27686
24170
18136
2956
20580
25135
71
3651
17264
32441
5089
14607
11902
9851
24604
3869
27735
23592
25518
16348
11261
6856
21839
28594
26258
1036
26816
30957
27766
18654
25868
14588
19888
61
28686
15839
8591
24648
13107
26588
29072
3480
15746
21364
19331
29907
18137
8085
16106
25214
14457
25617
18850
19731
7876
27727
30661
1364
26694
2625
15054
16606
5619
5525
15358
13057
16559
27440
11775
10191
6164
216
25032
21875
15983
24880
8896
22469
9739
9194
7718
2587
21427
13880
22960
13153
10866
1923
32114
14444
9373
28256
29954
18571
7699
22976
11226
14431
5060
8806
26877
32493
31856
4255
3550
2290
7857
27181
15485
22134
2108
7300
10451
5796
2660
22329
6512
13785
24544
10935
23395
4603
24525
32564
11610
18700
25079
30691
26122
22015
14420
5739
22993
28618
25041
12953
17306
24252
23121
6737
13570
15377
11251
28107
20921
20420
9620
3068
23082
164
23190
9041
18782
2730
20447
15011
2589
28554
31268
18024
1879
21896
29031
7718
7107
18573
32190
26158
9414
4474
24919
16774
15510
6076
953
24615
24479
289
25164
15720
294
1001
27164
8891
21292
7969
7898
17047
17813
11564
13092
32693
137
1187
30213
13439
24091
7007
14784
3782
10024
24531
6089
21427
6018
15519
13845
8192
27982
31331
29075
30823
1963
29649
4603
15963
22677
20487
27334
23799
11784
14107
3453
16948
5736
13559
28983
30814
25632
15975
13150
29641
5258
3184
21937
26816
7695
16868
7567
15806
27023
3891
30834
28129
31490
18564
2490
28571
3424
8708
17836
29611
9663
1662
15802
4171
25019
15405
516
11435
1307
19406
15392
16543
2738
24056
26390
15508
15490
688
18607
11721
5928
5945
4080
29372
31860
15913
15585
5090
31063
7618
13715
5274
8962
22654
11360
20580
20300
29676
15221
14414
11348
8635
22926
1200
31592
7956
3073
12057
29478
7726
31230
18569
3297
28188
17685
32737
16711
21737
19192
27799
30784
20454
13443
29102
12313
11843
30201
19686
8161
14813
9361
9776
22803
25175
17713
13156
11382
7788
30841
17462
22082
30595
10243
19047
13700
29572
6377
12856
4803
20715
1928
7972
14820
18715
12420
24782
27467
19700
27405
13369
26691
28583
14432
9527
7840
29641
27792
9252
14243
11943
21638
9171
3613
13786
32070
21449
20439
2843
117
19113
20018
14936
31256
13552
16907
7687
2975
23522
1761
15802
4130
6341
4410
31475
26090
2124
9282
58
28979
4694
2742
9838
15408
6617
22272
17497
22608
26904
28324
7302
25792
11805
25818
23895
24113
7011
26748
26450
7131
211
18723
19900
7618
28913
22414
17769
4152
18008
9539
30162
10403
7524
26488
24680
16256
5678
307
21032
19368
29373
30897
4976
8914
25978
23557
18961
9050
9189
22785
16805
11073
4487
3161
3619
116
5927
19462
15536
3665
31297
28905
1720
7271
18612
25521
15166
25213
11451
28926
21104
7638
15646
10438
24447
2996
7594
19705
21677
27931
990
4960
19880
30679
29671
16075
21526
22721
18895
21355
21105
11069
25329
27261
10517
2567
31664
26920
6551
7472
5480
7849
31833
18787
30885
3501
29787
25709
10131
25854
5460
4860
21686
27490
12290
13223
12763
25281
14526
31535
11087
9861
31827
9733
25422
2374
5904
25356
446
13735
25116
23455
11294
5755
19210
31958
14777
2605
18861
26117
30751
25950
26670
8326
5077
2255
4443
1209
31052
3714
6466
28744
16912
21020
13311
12720
578
22670
20178
19709
2632
23284
32629
32212
28867
30909
32172
6839
30913
21773
23325
15749
10293
9055
28002
21824
8868
26479
7773
1299
7200
27735
5835
29844
30842
14072
30492
30022
27316
30619
4739
8546
10421
16088
24649
22487
1856
31160
5990
14735
4647
30998
10322
3060
29884
2123
2329
9395
18057
22282
1966
17087
4161
14984
5761
30874
7414
2528
18259
3024
27531
6583
26697
28100
21613
6939
30528
12718
14206
25009
24417
9189
18002
21776
13557
26202
16030
4456
25466
13925
10477
31591
502
16325
28565
19293
16779
8418
25066
21406
10828
1108
30641
1576
6735
29609
26840
32133
15107
18275
28004
3315
24772
22593
14762
7107
2221
21952
2754
20479
26798
26080
22329
19535
17886
29227
30726
1309
1298
17908
23999
28920
10670
25053
9741
6198
14011
10396
9566
18398
9786
18686
14553
27589
27320
2347
29847
21494
12067
22317
528
26967
18652
17068
17107
5514
4109
17403
2939
25106
4669
29785
2782
4791
21282
7024
12679
16171
4022
13858
11623
12269
14221
23173
19911
622
4197
7468
25473
22643
14335
23465
29040
5818
30765
4175
16677
30432
8493
4925
12251
28802
24117
27800
18349
15779
14415
7191
30983
32333
15207
31173
2139
16251
29090
5122
1045
26935
10482
11979
22224
22528
14056
18492
18890
9582
11977
18003
2965
25625
15843
12791
3856
21174
8737
9017
22166
19075
28382
17113
32629
27878
5111
1292
8610
21584
23332
380
22443
19560
20360
3217
748
21862
17286
30191
8198
30396
26839
4160
16269
9468
11993
26163
30465
16118
23338
16580
24064
26144
4214
25279
27577
13884
14221
7551
18596
8244
32441
8956
26737
27721
25422
14597
62
10092
31106
12745
11532
32748
26239
19868
24180
21842
16567
27128
22934
32650
19064
8642
26707
4419
15040
17103
2236
6551
2130
15527
12489
10479
27401
27785
31311
7457
1901
27311
19244
30940
30852
15570
19908
19014
11243
4593
19890
25827
17444
27471
19639
29369
30002
22203
25590
8370
3939
7699
17764
27201
11374
4107
29050
18504
12989
17963
29997
18234
8972
3095
17439
18557
25651
19475
791
29458
320
9414
22191
6007
3529
3134
2636
2764
9345
9269
9043
15670
13320
9107
13466
3969
3592
31028
1565
11273
27773
3050
25843
26330
24916
15302
12160
26902
25656
2195
29163
11159
29353
420
9938
1238
30286
25296
28733
19979
25996
698
23761
25494
21079
30294
3399
1182
23368
3496
19996
22008
13040
3535
31113
3146
12653
19523
13749
368
9274
3931
25386
14622
20556
22546
20357
6343
23130
30986
114
22206
2428
7889
10968
25756
6135
11620
10833
22753
1623
5873
3293
7134
9407
4065
1751
23506
18046
17430
25384
3155
21474
29041
17338
29935
11857
2968
17968
4884
6805
19702
24788
21293
9592
22787
3024
25870
13969
21445
2722
12178
17757
4759
27082
10114
25746
18985
1221
3513
6063
24008
10303
22662
9944
13279
9349
19538
25825
13246
25657
1923
7081
20635
23369
1440
4777
17878
25121
23989
25548
26754
20768
16377
4737
12832
28745
30382
6415
26797
3900
28233
24618
2016
22884
2259
21699
20397
14961
16527
4132
7181
26377
24029
17979
27137
23994
17502
28214
11732
29748
7001
22865
24225
17589
21853
11244
23318
4036
23336
27873
2935
26146
24008
7956
25830
12030
5120
6476
12769
24168
26349
4161
17420
28680
20969
1782
29489
31248
31152
6472
3461
27759
16066
21703
7469
20552
20232
5062
9984
7074
31417
3758
18063
28001
20607
6040
19298
17781
17622
13338
15237
3409
26805
2400
24388
1182
29553
20095
14898
26161
9182
14599
5488
22843
15543
6103
32555
704
8256
4150
25447
19275
20265
12575
8699
11487
20150
20699
17885
7472
14877
26838
16800
26643
816
25515
21819
3636
9787
4481
268
31751
21808
13978
10781
11521
24065
26665
21413
3847
20558
11108
4562
14887
9792
2779
6597
20614
29877
5640
4831
6809
26269
32551
3387
13208
1955
19272
16763
23088
8721
18594
32200
14713
13293
16170
25620
15911
16232
3940
23970
19460
31354
13177
26569
26526
8646
22155
7669
10300
29379
30277
9454
1559
4381
17078
23389
22727
23385
12383
29580
6652
29369
28810
23149
16494
31327
17374
4062
18199
20916
23345
21547
13471
19979
15005
20180
14104
14210
21206
4753
10219
3369
17594
8852
3090
21607
810
23822
25736
30617
18201
28404
25342
30715
2530
13571
22224
30412
31199
11778
26167
22957
7479
25159
26560
3659
5879
25724
28669
12605
16997
20387
26490
7216
6289
26200
15602
8001
5164
14166
1987
27050
1949
27453
11936
26017
6482
8083
26246
2941
23124
29448
7665
28699
11039
9982
10319
4736
25264
31304
15797
11455
27615
8498
8913
3101
19695
32450
3360
13428
19812
830
5984
21205
11796
21486
23113
17265
10113
8227
32120
11962
8806
18297
21676
453
24208
13656
23860
17907
31727
5569
12200
7120
6637
18247
14808
23867
254
11867
21762
10952
2681
19917
3144
26722
15014
18576
10080
27957
16664
12478
19854
27339
21309
18395
21711
20340
5427
5214
4439
10220
1245
28781
14654
17464
6967
30185
12407
9169
6118
27562
20737
27908
11028
6156
865
29593
29050
7338
15183
4787
30398
16233
11440
24055
12800
17593
19652
28144
12464
16151
29601
19378
25506
30678
12768
16318
16996
21792
11926
2086
14543
24888
8582
14834
4828
22273
15764
20929
23225
22468
8061
14260
23836
11822
5318
14983
18392
17048
20210
17921
5806
9356
22264
22671
16997
19844
21748
31788
26140
244
29
18051
20192
28043
19191
9304
10618
29622
8138
29732
17034
13671
16722
13311
3290
21268
9144
18115
25068
31234
20929
5231
12501
10179
12870
2505
3918
18174
16868
15176
24841
2414
5364
12080
2369
9005
13757
4863
23189
19251
13033
24584
14614
9497
29238
13150
8863
30755
7022
23795
4453
22398
12185
27137
27854
8134
8305
11945
31879
28108
31766
4827
4561
29333
259
9845
23323
18598
11841
16559
5590
11902
9178
11958
4741
19045
26513
13719
16147
23396
25040
27487
11114
31637
9954
11136
15425
22429
24674
10871
53
32630
27380
27820
23324
13426
31795
9370
31638
22652
25834
15407
20196
25249
17286
3446
26366
31952
15051
3699
1759
11998
199
29775
18724
15053
23044
4533
5333
3662
21762
29819
21635
28036
23012
1669
9107
15115
25194
13798
26073
313
28191
26697
32105
8356
1748
15760
4777
18404
26956
26042
8875
6298
9785
3594
18362
7601
20327
10597
28723
30435
1336
6141
30615
23935
30800
29228
21981
26218
13201
31394
22797
9572
16970
31683
7434
5517
1707
5195
13743
27432
21629
14132
16158
12958
9232
25305
18517
24774
29044
21339
19459
14435
7147
13380
11161
10479
22943
5482
24739
2711
5009
10007
22617
23430
15826
358
11633
25190
32757
31472
13368
23076
16836
21160
3297
2804
28722
12548
12317
29846
3729
17502
10732
28119
26629
31897
30386
23898
30009
10759
13965
28568
19024
906
10982
28198
8479
22522
12870
7223
21401
28359
13931
15457
23178
23520
16540
9124
9353
19155
10297
32168
22823
1333
3990
9798
23661
14404
8969
15434
9862
15819
20034
20855
17336
27718
23515
23500
4249
12871
13104
19462
1663
280
10353
28006
11320
19106
4854
29364
32507
5773
7634
21636
26527
29353
1706
25784
4107
17037
16072
15174
11502
12926
8811
24636
4016
20882
14945
22273
5288
5908
15320
28381
16783
22315
14962
31931
10292
27319
16535
25134
24946
3708
16911
1459
13407
15746
7376
8246
15815
2747
7188
983
11225
15847
12719
16365
25119
14261
22944
17995
6580
24875
23526
30147
20913
10823
24725
11753
9192
23527
2600
20505
20949
16614
2585
20924
7633
27272
25519
17350
17545
5144
20760
29571
10927
27087
32439
2196
4847
14072
4287
17461
28709
16210
9985
17857
10189
18358
21250
30839
22714
4601
13393
3710
31244
20500
12055
11559
26204
21122
28912
11891
10041
30186
14329
7125
5336
5118
4139
17976
7687
31651
31463
8004
19555
13394
13521
14301
22731
4286
3554
2029
25620
21687
1977
25444
10238
29262
11826
16509
13415
8762
24122
13122
3263
23418
28386
16978
14780
28220
28850
30946
9039
17918
30527
23042
18134
5875
8447
6433
7571
31400
20829
15316
18269
16359
20745
2259
19861
29148
18578
26692
4700
23158
18742
6461
16387
1040
22521
24708
19651
32337
12020
5273
26287
27216
10480
10998
23526
4604
2867
10901
21261
3772
8602
10163
26621
17234
24808
11476
184
11525
862
13575
28322
20479
21388
7019
12270
17140
6502
9202
25942
7684
23962
357
20495
20707
30497
31912
27644
9271
5908
8512
31266
27201
18114
4882
3932
8896
3071
29037
31567
5650
10175
27467
7073
11165
8931
26836
28518
32621
7506
28196
32475
31518
4940
6990
27479
30205
3323
28065
15230
8298
27723
9770
14264
16001
19708
31097
27362
30201
10998
27816
6979
13131
17116
922
20417
27159
24803
9345
13652
13508
4581
21667
30908
5992
27313
12893
26735
27111
22950
20584
29398
11614
13952
22107
21688
20674
1137
2673
3063
10436
6772
10381
25210
7928
9694
10875
9578
23607
15157
25977
23713
29250
26950
8438
5727
18599
626
2713
6975
20713
4169
11141
7786
17883
9562
17116
15883
31309
328
10625
26627
31466
15137
8995
30429
1889
26092
16503
6916
9923
25473
14020
25651
23340
22942
20645
32558
14502
32054
23563
31664
25418
10252
14721
11940
14505
27777
28852
1175
10346
7082
28210
22638
52
29094
20082
8788
11982
23599
23061
4855
17028
3950
5995
28404
9933
23828
5433
16015
25900
422
21177
9640
27988
23576
26851
30699
10383
17310
22763
23878
23648
28607
9227
6816
8295
9899
4226
21192
27526
9678
16349
21419
31810
30885
31349
17355
8300
12753
21561
17388
8192
14954
3757
22800
20301
11157
23603
12966
3158
26201
26762
8447
11129
23982
19092
20481
5966
18135
17244
6687
10194
9202
28247
1929
29893
23758
18154
19871
10064
23036
10029
25260
3819
22057
9199
31185
32126
22955
27130
31551
11974
5209
151
19625
16123
2464
5461
32250
29872
17107
13575
11843
25082
31683
5644
15607
8404
32144
22483
7002
11970
7102
23453
21047
11189
1931
6789
4049
47
28032
7358
21021
11943
4423
30237
302
21551
23484
27607
3569
7252
3910
10123
26906
11334
5736
7043
26206
18745
8339
31799
24547
15882
319
29458
11765
17446
1338
28281
18170
29608
12863
13066
7080
32449
9418
4641
885
15453
43
27041
19791
17923
9433
20721
18574
11517
8458
5956
23079
2746
3968
30494
29218
28784
22694
8980
30030
31237
2523
4051
28467
2096
14094
8035
8264
26076
6795
4525
15462
23757
26388
24123
28029
32133
52
23360
28294
7785
3280
21976
21176
22048
6143
32656
19711
30012
13340
21801
2986
17180
21529
25241
31843
528
20245
2131
3173
32447
16945
9672
14569
11974
17568
19758
993
8866
8702
25728
8425
20176
3811
22470
28283
28722
2999
16534
3938
4021
27080
9947
14449
26929
9881
16085
1652
14737
4478
18529
28775
14387
28517
29563
10726
16274
4343
28161
2533
26914
3808
32441
18849
8315
8298
20886
12246
29114
16465
22839
31795
5924
5075
27057
9995
2573
18438
28814
18765
6905
22894
28182
16566
21760
31183
5069
25669
12407
2112
11324
23792
22732
20353
12276
30357
2482
32398
11217
32051
18302
3956
23676
31322
30417
4196
9011
26336
6008
774
14285
9430
9872
17935
15352
21946
27630
15638
5062
24814
14014
10916
10088
15977
19817
28810
29241
22957
5309
10871
766
8441
12872
22217
20843
5311
11780
420
3306
27480
22330
9793
18585
7415
28832
14985
10385
27612
26564
6371
29806
15562
7086
15434
13068
21434
30401
674
13198
18641
24547
26956
10149
18832
18142
30712
13071
31307
20485
19898
5213
3036
25370
1121
19194
22936
8559
24068
24169
9090
1868
28893
10958
14527
15505
17754
22192
9802
22684
6770
22013
15849
7533
17462
7758
2400
28168
22696
28781
32228
1051
7887
23317
978
10465
29707
23288
9889
30022
7079
15366
278
23884
11437
8173
14774
2733
4606
19932
9089
19138
20641
12173
22237
5027
2140
8066
22225
25744
25217
27791
5747
1424
25355
13976
29348
27223
20457
2204
29690
15469
8858
21490
27902
20621
14330
12499
18584
2892
12892
2073
7367
30971
16856
2630
21909
7373
18151
6088
3147
15165
813
32380
24289
9130
19605
12400
23480
15684
30371
22509
21900
23340
26118
27829
13220
7127
621
11913
4683
22452
31388
10478
18308
25358
3775
9265
8186
10035
21758
10153
26678
22230
11345
28988
5652
16818
20886
1572
9848
2928
19169
16627
829
18891
7443
213
1390
19954
32686
24086
26553
7469
743
2020
15648
23748
23549
12117
16370
13597
19402
9132
3322
28708
21400
984
7926
22255
11317
10557
7755
4771
13130
12215
22774
5265
17128
16092
30406
18853
10084
30850
15816
7425
10085
12418
31491
3557
21051
20923
25446
23762
2162
5209
255
5103
29351
26967
110
28331
23195
16194
29336
25764
6790
1088
22176
23496
5806
2386
19
17849
30007
10966
11618
11382
2109
25168
25238
29241
7712
9577
23615
18587
11295
13880
11949
8958
1833
18625
25955
10284
7919
8635
14025
26428
28478
4759
8225
21430
7052
30397
32188
19703
26833
5657
29550
13526
2456
4310
14655
22919
28757
14441
8291
14016
7161
31186
25709
21019
4804
15646
7359
14012
32602
24113
25157
21555
9242
8898
32099
17571
6315
20903
12331
15908
1495
20307
28884
13159
21405
25501
10343
26521
32129
3267
18876
31113
295
942
21669
10764
6944
21879
6505
24993
17924
13867
20596
14673
12225
28875
23116
2777
6450
6295
15303
19467
21492
24460
10876
14706
21109
13868
15735
5173
32333
6269
5681
30525
18642
11348
5567
1946
10726
5331
29257
1059
276
7985
16574
30813
3292
11449
18118
5791
27722
32278
10488
32115
24270
17357
18766
27710
13895
6155
27093
11044
12129
17825
26537
10790
9249
77
8737
7053
19646
29243
25159
3468
691
17099
22155
18209
14866
31381
30392
27708
9499
26795
25638
11555
13837
27933
6706
1301
29500
19651
747
19501
20836
29238
17422
8330
2109
16416
22581
27309
5455
22710
18507
290
24840
32386
6467
12131
14860
29286
16905
9209
6860
29406
15801
2532
27994
16517
3600
20797
16764
19419
16928
27418
10495
28741
21831
31922
11853
24661
31329
19906
6466
10060
10045
30255
30268
25565
29774
3820
4977
8244
9379
27166
26758
27447
27161
5758
7261
5900
14800
12799
7470
16603
17627
20402
32473
1493
26940
29926
4986
2421
12047
29075
29246
12549
9733
6137
24694
14437
14100
6020
20714
1032
15981
32499
28016
21567
431
10681
24253
15802
22106
7331
18042
2891
3206
5564
8091
27886
29141
21358
30956
6151
166
22249
15852
15594
3979
9673
479
30112
5374
20210
287
4585
21327
14015
19635
25725
225
28253
21538
30103
16534
6769
16777
16052
32392
11521
23532
21400
1274
30353
25546
7315
23950
21132
7668
1538
21176
29414
159
18712
9586
3840
14007
12767
19249
31180
28022
1657
18456
25393
8246
29612
31084
18609
22147
8862
25673
22857
2165
23516
23699
20632
7484
23457
6190
3396
14333
15190
626
26266
18141
5205
25561
1396
2139
16370
12795
17504
31458
22716
7101
23294
27294
24832
9669
22698
4496
12943
27441
12891
32221
7105
22152
26571
12908
19898
26352
985
13743
32748
21922
31787
705
27869
12188
13335
4274
3115
14229
9924
25631
11725
9270
31884
24325
23195
3719
4005
17110
7697
9384
9217
6349
7504
29889
22130
29823
8037
25659
1810
17588
27342
10033
17122
9844
7226
19489
28849
28261
23185
12264
17728
23636
3124
28141
17059
11537
29062
8348
18154
32384
18603
1558
28161
14829
24208
23846
19157
30880
12587
3704
15288
5809
1796
30213
24071
26654
8180
24786
25866
17435
25388
4826
22555
23209
11898
26952
31755
2154
10952
27882
27585
7348
18918
26851
9252
17892
20873
22944
1852
6133
6035
18445
6803
24913
21396
25864
1250
16870
10641
30998
3817
14461
20997
31828
11167
6727
806
27313
19339
10425
32617
10331
32626
14746
27976
2679
11826
9563
23619
22549
25070
28582
6949
22371
28779
24121
17288
15136
698
29173
7835
1108
16408
30258
18211
11327
8210
6742
11456
10895
10221
18854
23666
11222
5956
13660
12891
3130
18419
17657
22727
27247
17716
24796
14441
26338
24072
19220
15847
25399
14041
31347
6298
22006
7773
11235
22159
1665
10685
7677
465
17738
23543
10968
8938
29762
23681
13343
19623
29589
303
5479
5404
18068
12118
4287
8168
1266
22578
27016
7610
27700
5253
8583
25876
9571
9089
3128
2127
4868
20712
11365
3296
15178
1650
4088
10201
8841
3183
7694
9139
10734
15789
2892
21322
18030
12956
26742
13865
9212
10160
32573
12808
2303
8967
29017
1427
3587
7500
19928
22637
32174
12763
4278
3189
28918
6693
16557
13384
31634
30806
8014
21255
31918
13622
8017
18778
26595
30029
5418
5044
6758
26955
21981
15833
4224
32167
14354
12190
3902
11653
11116
14064
5737
31965
23063
29464
11960
24026
2208
1341
26693
1408
10250
10795
7486
29586
19998
8531
19677
12723
2050
1298
8858
3531
15117
30774
32159
21420
2010
19646
3196
18934
25499
2017
20764
30263
23472
26450
8439
27735
14201
19395
30090
11572
27752
11432
8452
22665
6234
31037
15171
13844
30247
2762
23294
23032
119
3109
28484
26720
14040
31353
19749
15461
14606
9031
17839
30258
11434
17322
22556
13413
8415
11487
21577
31929
25744
4612
362
6114
685
25376
7421
25785
22720
22884
17916
26265
31683
6321
10327
4873
24373
2650
31905
8859
29293
21802
12297
26900
10285
5801
18573
30924
7290
16795
22890
5464
19627
17866
7127
14695
5569
25861
32754
13290
27894
22889
18939
8312
1689
12511
4032
16112
24344
486
10840
28256
23135
23955
28692
20261
28000
8917
19123
20564
1523
5886
32213
11353
9441
26495
12723
6366
24123
30963
5644
11759
13297
10080
12643
18523
32415
23481
12391
27485
22698
6823
18867
25979
16268
28808
2487
15535
24428
24249
6902
9669
15602
11792
24179
2820
12633
19117
26725
26128
27846
3315
13618
28943
29400
5073
10907
29451
17792
5190
14644
11159
12819
16932
12824
8630
29853
13844
9434
23032
9593
29914
22975
14310
9502
31706
15402
3744
31292
30427
18775
9413
22024
780
22348
12179
13011
9028
18445
2384
16610
18830
32016
9960
5498
6629
7920
4311
20538
19004
3429
25417
10926
17346
2932
6528
9760
26979
31715
10359
19377
10130
16880
11461
12969
12614
6723
12227
16652
3650
32
18417
23150
24218
29409
6294
28935
30579
12196
29863
11530
15626
13121
10474
7731
24056
6271
12635
11167
21428
9863
24015
13793
19545
9112
10711
8018
25001
16381
19431
11944
16722
11580
16312
32715
10865
13713
20458
30436
25685
26522
25326
27062
4741
10836
3875
29489
2564
19782
14911
9540
3027
26876
18417
3316
2232
9143
7109
15531
21054
11875
29255
20690
23805
3529
21867
8865
30747
1030
12332
7478
7699
11836
17780
26853
17077
10887
3644
24784
17007
23091
17140
1719
22218
5164
5157
26897
13367
23477
22101
12123
13580
28509
9515
16560
13770
17455
16851
14490
1697
16682
12452
7720
5686
20209
23040
4416
14755
4035
12924
25143
13759
21420
11841
18335
28065
7421
947
9824
23135
18683
336
8203
12315
12500
31450
23402
21569
22231
4536
15196
2314
29667
23706
30687
29253
31008
12892
19823
22358
23022
7213
13967
18047
12827
13040
25509
32094
7257
27618
25866
15031
19695
6269
15202
23924
17582
7581
16937
29930
12327
9698
10383
9822
18203
21333
27782
3016
16435
13390
3097
28630
11505
32661
24831
2868
20967
23495
23152
9995
20263
13819
2359
18632
11514
27558
12809
19230
8405
19388
23061
2126
7816
13080
476
31142
2489
18462
579
28743
7057
6559
16358
19244
20661
9468
10416
20072
29560
1935
12201
32687
5711
24390
15118
11288
4741
7825
14503
31521
24367
22399
19541
13044
21603
16932
19691
4585
11941
573
830
24907
26274
28695
24448
9567
12577
26796
6345
3746
15158
26895
27383
4179
30392
30987
26296
16433
2806
10503
2021
25478
15782
10029
1554
19812
26654
12236
4963
29231
19655
23802
32161
21595
24782
6525
25996
11895
24092
15084
115
32363
12681
1809
6147
22014
6476
10386
15453
5275
1974
22224
23659
28244
7713
13584
14451
25639
21539
11481
25324
4480
7943
18332
17297
29440
11645
19355
20661
2685
2960
8195
29398
1098
17113
15451
18036
16824
19186
10018
12323
27868
24110
18356
30432
31123
1671
3950
22689
14276
30424
15890
19760
23269
1101
17773
27448
6849
21527
4151
9120
20856
4452
12346
18201
15047
16270
14263
2547
14473
31890
16901
31285
16510
18373
28539
7148
22348
8386
22672
8131
15555
4775
15425
26580
11621
32641
28083
20158
23846
16388
17690
25848
3952
27520
6105
6245
28778
23568
31723
31272
4986
17173
23169
5817
15113
25058
5612
5176
19846
15033
18110
2818
7085
19959
21548
19587
23561
14219
27575
3147
32695
16556
7180
8035
17518
14796
5928
17889
10172
12487
24511
12986
8082
22369
26079
17880
15363
11759
22225
11372
5705
18004
9280
23430
12553
13103
1692
6371
11736
30547
32449
1541
31741
2424
6868
24969
25720
16432
622
29366
5956
14876
3581
21330
7642
5727
28007
3001
22262
4435
8688
13616
24477
22907
20317
5750
3423
12473
10329
28316
24026
11713
31257
25111
32639
12750
6972
15892
22425
26260
16885
1547
10634
22645
1387
32663
17240
247
3680
12421
21353
21878
15121
810
19339
11798
14942
1274
30008
6396
25131
29527
6935
28094
17670
2727
27589
13591
19210
19369
31190
14560
20995
11017
32023
20539
6355
24370
14614
15378
31252
16483
11493
10176
14846
28421
28698
8717
27531
13372
24858
8800
12506
20668
2200
28208
23249
11742
22104
29372
11271
9458
6969
26364
17121
20695
25714
18903
28411
7626
7196
4246
30153
2940
4849
6553
2686
21863
22355
14152
32044
30049
32144
26445
25901
13426
15716
2561
19139
15843
2239
11811
5115
26775
32713
17616
14551
10911
26147
20911
683
27400
32112
27501
23240
9719
26901
8297
27736
5881
32572
5040
7561
23956
11039
26155
9198
20514
17539
16407
14370
28895
130
3766
11438
14656
24462
19012
27692
12166
15539
22573
8877
31380
25116
23933
5721
26621
18137
5528
29525
6242
23008
299
3818
17915
32337
354
26083
22899
7422
13148
23094
16633
28458
8156
29671
15764
26257
4929
10538
6838
22185
12728
29128
1045
17192
7088
10691
28086
30662
13966
1853
16970
19780
28066
10134
19390
16301
32602
30677
2574
14812
10934
31817
27738
14910
20732
15216
8251
13529
24493
20503
27479
22157
5815
26307
17203
3482
32492
10832
5961
31587
9395
25560
347
13170
27390
20950
20486
27579
2684
31371
8090
549
4367
32161
29993
31558
30080
10511
4062
24174
4978
21820
25744
4840
9108
19559
30615
8828
1051
16710
2271
1336
25968
6381
17979
23153
12069
3058
30715
13060
12590
25295
23488
20705
30030
20871
8591
32715
17615
13965
16165
27481
13942
16609
3466
5697
22710
16764
25833
22229
19492
11246
10911
31950
25131
2630
1426
1097
5121
26674
11460
31247
26073
31079
1064
29977
2651
32579
31668
18772
23121
12721
25783
22433
29859
12110
12653
7968
6789
14538
21200
29614
7151
15248
10418
32172
26701
28585
14345
26371
6009
3293
7050
22884
32486
23324
25209
12757
10014
8733
20927
3433
13678
15429
15165
4942
7647
20682
24416
8205
12649
31000
3317
13838
23652
21876
29503
22363
10559
21727
23111
11429
23412
13373
13684
7564
14011
30902
17499
15899
18047
26973
13784
13714
14734
19471
350
617
9748
27038
27275
16273
18890
7471
25344
20221
6763
29409
15983
3425
14952
6576
27893
29498
9692
11416
12203
18190
11202
5885
31608
17653
1894
6218
32297
24408
11801
10969
31171
31993
9513
21011
27159
22579
29712
5080
10392
25476
1772
8481
618
22344
5423
29155
29883
19655
24728
22583
854
2674
24674
20153
23925
25962
11451
1581
17623
23618
15991
30313
27411
20230
22278
30319
14636
30844
9379
8153
13669
3241
30415
378
31575
8343
5886
25922
31296
16214
6544
11618
28062
20545
15106
3249
17405
12930
7526
7758
26637
12761
31248
8327
8183
14489
7059
22266
30449
25331
13292
22522
25873
22390
25340
18741
10590
2263
316
20371
2605
17646
684
13921
28587
13570
1548
4526
3254
13126
25679
24565
2545
6563
21581
28413
26391
28088
30392
2046
1679
3616
24145
9989
5953
17651
26715
16793
20649
25487
31056
24735
13609
19352
29140
4475
20132
2365
28647
29304
6472
25277
12382
24170
4267
298
9364
31634
4890
5742
4189
12737
3886
9355
17467
19392
12191
18983
18389
18416
31069
14407
2212
7214
4061
13659
24816
28921
5041
20859
2811
6103
20316
12272
21628
16628
9828
2550
9806
13325
31401
20160
13418
4236
31732
1213
27155
22773
5587
20506
26192
19840
28581
17032
7327
23048
13041
22591
28136
6947
3068
17986
19888
16019
6298
32229
18319
17117
14660
2445
30948
23095
30827
9912
21191
29863
31756
16701
14399
13674
13701
13268
19637
22419
17319
29144
1705
17908
15116
32332
23204
27201
18602
21533
4718
30579
25257
9126
9344
13163
31602
2425
8124
984
27401
8797
32604
16986
668
8339
31529
7144
32348
18014
10221
32623
18827
27074
31786
24507
18646
25995
3340
19611
7910
7057
6045
10048
7986
27707
10808
30183
25367
18242
576
6840
13610
14775
29201
29165
18125
7496
25399
6966
25600
19647
18655
29276
6522
459
5770
31525
249
16387
3849
17529
10198
28968
32677
1730
17372
5802
15262
409
10842
13422
27607
23710
15735
22735
1743
4007
17350
26083
1235
5662
24090
32767
9330
29092
3996
