4431
5075
11086
30203
22536
19286
17921
13679
28998
26124
31435
24458
5064
11595
25852
31854
22776
32615
100001
10000
10728
6958
22126
4901
32396
20704
28854
100002
3954
12405
11764
19283
19285
13790
7620
31235
18979
2329
25707
22341
18418
21296
100003
11995
9241
27215
10699
26922
21767
26932
25684
100004
20269
12386
17460
19546
27464
8654
22521
11571
30596
26368
26608
1766
21730
31173
28739
26696
3312
23366
21512
13412
4505
9354
15288
22304
12097
60
14306
11550
25874
29103
31776
8929
6032
3359
17995
20273
20852
1338
17899
3264
1719
12766
6129
22285
3565
29733
10921
28297
17364
7071
7658
2041
3373
12510
29584
2843
10954
18744
9259
9356
5097
18376
27641
12009
19136
12214
25618
14132
24409
27576
15331
8314
5280
11993
9949
10931
23483
21114
21102
24810
6553
21910
30769
12958
27342
24906
24674
15463
22942
30356
26772
989
14935
10587
25254
10933
8677
3247
24563
23853
10912
13395
15561
32683
31592
28536
29
24480
17652
8396
25468
27571
10599
22451
5957
14108
16932
3796
5910
19533
14308
13272
8836
4824
8454
23662
11791
19597
6694
19603
24660
28130
19696
12816
28549
21913
22838
14660
29463
10140
21569
24355
32186
20268
21093
9343
5006
27706
11992
1671
20628
12309
1477
24717
21347
27974
5275
6924
16412
24248
29867
19433
28575
27165
25586
11257
7935
24972
4147
1476
13108
2159
6218
392
25872
24476
14268
29313
26997
31938
20626
2408
27076
28935
18280
4154
24728
751
26049
4922
11957
16256
13981
6969
31803
9892
4430
23829
14880
30414
18055
640
22492
23520
9142
28674
358
1357
16531
11329
31072
26490
19193
19585
25486
11371
17654
2663
5005
6043
26910
26370
13250
24875
10532
32524
22672
19519
31403
29804
21454
31910
26201
4352
23672
20409
3373
1690
24228
15493
6163
28744
1976
32556
17846
30937
25307
5000
2710
19100
6569
17170
30554
11371
11563
18946
22887
28648
15110
22456
18865
5383
8946
28251
7633
18125
8302
26048
28505
5463
11443
5517
11620
4381
15590
27294
27761
11128
12433
27559
26737
98
1108
28955
27934
28029
7384
5197
6287
6744
15877
6614
11273
21997
629
23350
24345
28014
26408
29630
26847
24641
16249
13485
13229
5449
9552
9369
28369
30055
14746
3600
29358
3904
18678
24960
11026
10305
10417
28244
31683
24289
24565
14176
21339
16934
28989
26239
24662
619
22540
9082
7274
8032
3807
21036
8727
14162
12640
31716
126
23469
3804
26635
374
3775
16631
10247
5597
20158
6815
6750
23596
21005
830
10527
30030
22715
4660
18302
7091
14157
32388
29374
12448
32445
14029
14932
13257
26050
13693
4937
22817
22354
25921
31456
12529
19045
10688
11385
5671
18173
24712
28341
22257
15459
28232
15323
19339
3251
11329
18810
20310
29082
18935
13136
20521
7775
30508
19819
26603
17184
27150
24974
13410
21855
5552
23510
24902
16829
9399
10909
6298
27396
3158
21919
19772
6763
19324
4187
5050
17686
10827
19389
32103
19165
3533
2809
10670
4686
13282
32698
423
9717
27517
12668
20968
14043
7440
13366
13982
10316
14149
12861
3548
2269
21487
19813
25650
7342
10560
7017
3970
23789
6972
16781
27663
4251
365
29569
28631
25235
29913
22921
2083
6344
14897
8667
30044
20686
7243
16712
6432
26012
19154
10015
27285
25232
4413
26703
1277
10163
31229
9675
1163
9023
12795
12851
9589
17502
16449
15024
22859
2869
26103
30496
18055
23073
14994
9587
26213
27712
22600
21588
13557
5428
11463
16652
10094
11811
16934
19620
23749
21506
5148
19530
15486
23316
17776
14583
30659
7085
18864
590
8371
31804
22310
2246
19452
23688
13576
779
28844
17978
14831
21154
31300
1692
3722
3020
16654
5536
2196
13486
23729
28196
12803
32686
1283
15220
20611
1312
29982
17
290
16418
1206
6577
15437
21188
27562
18054
22011
21869
25560
4035
20008
13690
7478
15709
1413
26407
14367
14094
10862
28339
14826
30368
29212
1215
12225
28520
29212
23032
29616
3857
11775
15861
18429
15259
11604
11618
15544
29346
11731
2911
5010
28132
17883
2595
5619
28926
2847
1765
4422
9334
4508
23804
28056
8702
22222
29765
4705
5623
27939
3781
3489
6709
31664
6543
12591
11778
26146
1256
6734
28517
12536
26538
22402
31140
30192
29158
8354
3335
31935
29389
21805
25567
19461
30161
13537
22727
18048
15111
1674
16938
10368
3792
8473
9989
31131
17592
2805
12526
18081
22942
9110
32598
14291
278
2895
16395
22351
8715
15723
12544
7119
1705
4220
28497
2963
17273
4336
14210
2972
6606
27109
31496
12059
22881
20543
28426
6953
1336
9207
30824
21176
16332
15285
6397
32458
17002
3746
16929
1761
25562
12407
12402
3510
29247
21467
13525
9773
25662
18155
3767
21641
9570
7706
15257
12252
447
315
24523
14274
29910
20188
11383
12879
24505
2518
26338
9798
27248
17698
29935
17804
5274
494
4837
23516
14679
13296
5745
5563
2662
24571
25327
13231
18059
2256
29413
32172
12084
24118
6864
2767
347
25165
26916
12623
30126
31007
18318
12976
3054
5752
16764
30777
9621
32248
5087
29609
13243
18790
27183
30758
31802
10567
27824
8054
14865
5039
1013
3953
7430
21848
30114
13238
27792
14577
15990
16286
20979
14520
19848
3182
3501
28235
1232
10193
7185
13499
8938
9861
3378
12515
31255
3924
5122
13304
6277
29254
4283
11361
17872
21
6782
6344
31176
13793
19514
12657
12405
28965
22736
15306
16216
32746
10869
15428
4084
314
4439
31330
25485
10712
17795
2831
1072
16686
16390
21813
1779
27271
12114
17547
894
3710
2788
7855
25802
30902
2596
11892
14121
32204
653
14717
6023
15754
28941
29707
10223
21854
12975
26387
11601
5898
12407
31892
14978
6044
653
9767
3204
10913
20127
20952
31752
7574
25984
8500
10289
18335
25621
5795
16027
16764
23409
11512
1180
22968
17471
3399
1481
6435
16736
22262
3004
27523
30166
11799
17173
16519
29153
1013
12735
14588
31591
19949
25205
13379
13721
7808
27012
20995
27604
21670
9938
15387
965
21860
26911
19675
23249
928
22155
25971
4788
27189
15960
2219
4456
19523
14322
3541
14408
4040
13100
0
5749
13941
24013
32111
6777
22714
587
11082
1834
22308
17366
4498
12241
13800
23448
29530
16268
22208
15164
30517
4081
1269
14509
13291
21236
1981
10016
30064
5131
11976
340
19990
21648
3350
2328
18433
18278
22027
15
19163
28639
4293
23984
2506
10205
5549
9872
3487
20792
2636
18660
12113
13920
20321
8769
5801
24132
5424
4775
4414
22386
2588
16574
21924
15999
22392
29535
1761
937
24731
9302
3104
13243
30770
12391
4266
18481
32731
18575
16401
17053
9711
2187
4782
5961
13726
22175
15950
11038
11586
28816
7977
26820
3821
18930
11540
12555
8004
8106
20727
10890
1681
25771
11904
13446
2067
27651
13849
277
17305
29723
4888
6786
13647
30522
18998
22516
26583
25932
7235
1355
3227
10978
280
16971
28258
10617
20172
23804
29218
1279
24875
11088
6677
27283
21859
10247
16143
13453
11777
22224
29711
4030
29468
13233
18452
1529
8912
12712
23090
4561
1519
3219
29668
8101
15602
29261
7588
8154
6454
18202
25017
3688
5733
2373
12625
5016
2097
6151
8143
8716
20553
25003
26726
13823
12421
15600
29159
6606
3428
29103
17623
21431
13497
13501
10181
8417
31905
6931
21978
8605
20152
18476
946
6892
29581
23471
9834
28993
12883
25166
12539
16520
6361
19950
15302
13670
32700
14600
19056
3011
7899
31055
9199
22150
17931
17811
28901
29855
3596
29413
5165
22347
5564
3324
29108
32147
8075
19927
6027
18710
9007
14500
32058
4105
10137
23521
19798
4220
31015
32449
27990
10463
4123
15825
14242
31172
15180
23259
7149
21735
25371
17418
6597
7531
30889
5712
18792
32102
25927
7941
26330
5280
3630
8401
4916
1176
16497
24523
16447
32200
6447
14562
31297
12842
15885
18557
1047
20731
31203
25694
31108
28607
4534
27852
27593
1157
26087
14577
11382
21868
13225
8833
14975
358
2744
29852
1426
1596
19273
16886
31656
26579
16444
26165
5339
23725
10649
13978
20855
9138
19258
9700
24147
26417
21445
24433
21346
20770
12254
7591
16517
13486
7578
16274
31907
28913
5174
25038
27388
28926
21513
32424
10938
27939
12983
22912
25801
20847
30632
14706
11241
28018
23736
14133
8962
20804
1840
8770
23991
31689
3318
16697
12093
15922
23040
29057
23406
30919
2574
27183
24089
5348
2713
9770
15517
24642
6406
14732
5558
11640
28960
5707
25494
24002
16325
1048
9272
14336
11743
20359
23537
12546
6039
29809
9800
2306
17349
18327
18695
25202
12202
25479
32146
13817
17121
23748
25720
18360
32659
289
22344
465
747
9838
3238
22570
27081
19542
17053
6510
28091
5512
25399
20821
20009
23573
22347
8230
22991
25881
31639
11130
11376
30622
27662
3138
29897
23229
6515
24075
22213
32518
23847
21377
15855
22307
32576
29746
13356
9143
25306
26517
4266
13964
19634
29003
4884
28910
30705
676
16136
338
27973
1381
3018
9276
20534
17353
15418
27743
5816
4549
29443
22021
24316
7056
22294
10673
22412
32099
23639
29187
28055
2174
1173
2269
13705
22891
11456
32708
16863
9094
14934
26505
23610
21949
15647
15144
21682
31893
22810
29168
23404
1389
3255
31972
6255
18183
10054
13154
30131
29508
944
29442
20347
22063
23397
30401
32485
1597
17813
10591
29376
27092
13987
30469
19101
13833
5079
25131
10281
19118
12115
24505
10938
3980
16456
15980
18727
14061
11113
7548
32221
2398
12192
13948
31023
7858
19200
32385
19950
10314
27644
25222
19514
12436
17110
8975
32407
29650
18266
4877
32068
13853
18123
15874
3016
15017
3614
14693
13517
16458
1126
9544
22577
10039
18832
8248
24411
9231
11600
12901
3019
9241
4699
29699
5109
18128
4567
29423
592
4255
29455
7062
2730
15081
19308
10515
18878
17740
23201
24727
8968
11303
30501
7182
12504
26713
7910
26623
31398
7244
60
14516
26021
4659
3867
31388
5018
28559
31374
493
9199
16888
5728
7565
2819
18714
3356
20787
29637
8702
28217
31434
24449
14219
27790
26390
30714
7244
24844
6553
18360
12659
26027
19384
19619
16158
7333
26394
6353
25050
30691
32593
30109
29029
5300
3772
15609
17593
32709
31403
23813
30533
30030
8901
14816
4990
29065
32679
25021
18070
9576
5326
18234
395
9095
14775
30190
11108
22880
32324
30017
18616
10430
11874
19841
15471
13684
14569
25394
1484
15182
32196
7333
8108
72
18257
1484
25864
14078
29450
26188
7873
25956
3430
32212
7837
9143
25850
23213
2956
18355
22756
32403
17201
20487
26217
17860
29853
9222
14813
17494
22622
31647
18115
3533
10680
911
11062
6893
17714
4565
25224
16845
4181
32358
2856
29741
3760
29731
17353
14345
18463
19976
25536
3695
25677
21670
4782
15501
8056
28627
864
11022
31860
8352
22003
20391
22515
22411
25916
21740
16643
31478
871
29801
15064
12760
27101
14062
19404
18099
24684
3882
32164
14022
24482
635
13077
16771
12921
21509
30343
3139
23354
26114
9752
11833
16283
17752
8420
14500
24618
4977
22916
3913
7919
16967
29140
9505
22861
22206
17401
29007
22826
9527
31907
12372
24912
15458
10896
17798
22802
29267
26450
20671
23346
18393
32081
19538
11266
5643
12051
18243
23242
14883
955
4023
4714
13200
15568
25001
23872
26694
22848
28127
24652
857
18853
19740
20882
8650
14790
13208
11712
16801
4961
30893
28945
10043
7720
18131
22385
11494
24841
1998
26594
12459
10418
24870
20254
5227
22357
21720
19838
1070
25000
23115
15386
30391
7473
901
27954
7260
17344
671
27597
12308
20541
9078
24223
24274
6307
3492
4656
14609
18765
25263
28219
25264
9585
3199
23124
29953
12522
20502
21966
18205
10042
30843
18140
4218
25551
11767
17654
6591
8069
19844
25215
28630
10093
21635
14756
19779
28877
13485
16519
11701
11879
9292
10397
16347
19198
16043
19796
10617
27927
2251
30202
20923
26621
11863
28378
9673
15879
2778
15784
2971
6173
21296
29983
30479
22137
29499
27624
21817
7851
29655
23230
16890
2784
32015
9680
15316
24163
18577
21862
18940
25444
6239
456
18609
22009
1480
13916
20429
98
15511
4110
26522
27793
30346
6900
32742
20202
19205
13106
23898
3655
9992
27932
28935
3391
351
18587
20034
6312
7960
13266
12978
8026
31802
8449
21671
5942
11444
13225
27565
13159
18836
18673
10082
20456
15993
24392
2180
13894
2891
8524
20558
8104
20009
6122
31237
6156
10659
18375
29390
9939
23338
15839
962
24704
5572
20333
8772
17853
29957
4362
6802
5023
7226
18712
18587
26922
21991
24929
21265
26136
18292
7164
7358
9942
3363
3953
24603
16848
21061
11804
10527
10734
14766
23767
8533
6750
10854
23763
25137
28565
21665
3271
16804
4496
753
17741
19694
21344
3003
21640
26036
27621
30440
23819
13650
27610
11228
7158
27250
21777
15276
23138
29918
14080
7051
3584
13202
29821
25478
27900
18710
5830
25970
31016
2570
20932
12322
18006
14850
7569
21213
5
2709
2359
29966
29249
4273
10939
5694
6596
9265
20570
2624
32609
23986
22290
1451
25251
9890
19044
20110
30641
3993
12633
25950
15476
24813
11459
14899
10492
6529
19141
16948
16160
20445
13205
336
15717
10628
4993
23600
31010
23681
26160
18025
9185
28484
1835
8437
7
10924
11163
23780
18616
29285
10581
13903
20725
30580
12051
7054
7687
30992
20996
5290
289
1972
5256
16149
29761
32370
18996
12697
15959
9866
32029
23695
8873
14651
14419
14929
8054
13273
23467
25586
32729
12832
23746
24108
17649
17096
6462
12953
10815
27225
7767
10534
18767
18497
2455
13766
8347
4644
26333
28259
428
22899
12200
7450
10882
20288
20370
17063
3638
31313
21019
7454
4318
4979
7592
1757
15025
31760
24524
16830
9836
772
3781
657
12020
27565
9290
20681
8252
27457
30084
3701
28521
4197
19546
15474
15924
18683
9713
20191
11664
31291
14963
9682
17293
24325
12816
32329
26749
8309
11075
28516
16213
23737
30295
18385
23894
4127
10793
24455
9452
5234
30255
12727
18390
10887
21945
21247
13447
16915
2167
6114
29388
29631
29756
32629
13232
24959
21505
13914
6301
28959
22573
17906
30147
5407
7188
17359
5053
6080
5309
5480
13426
7263
23784
7185
24378
19202
591
23850
14403
23089
14381
31382
26418
27399
4861
3951
20749
27528
12676
17655
10584
29493
30481
13266
7806
19934
15108
25971
9587
10424
4493
2517
10392
5551
4534
13675
7647
22781
15524
15193
18479
13564
27161
30692
10250
10296
24126
7975
24429
20937
27808
25608
3319
28640
19576
2923
25166
11423
559
16294
31167
11566
545
14388
12068
5899
28834
2477
11
32673
9022
12789
14100
31261
18245
13492
26267
14205
20872
23559
30359
27881
7005
29046
18882
29767
20713
805
15867
23306
5278
2382
3048
21322
31746
32750
18911
15130
18866
18623
5639
11798
2215
26983
11194
21819
27833
31215
26670
26876
7265
22390
597
6545
18371
28455
31233
20883
12524
13672
588
1734
2392
7508
27447
3382
18615
9324
20113
8325
24816
18057
1051
6019
29543
28182
8425
30207
27516
13435
1547
20701
8788
1756
17005
14441
28635
772
19452
7403
19721
8348
21514
24956
27493
31393
15092
4375
26056
19733
26370
27123
28260
31476
654
13072
7684
12393
25961
4112
18581
30018
11642
18249
31462
17314
19112
11800
1452
30453
507
12152
14793
10025
11261
8403
14798
17436
12903
22808
1214
1360
4345
15885
7701
486
23978
15335
30472
1226
7169
23320
32015
28971
24515
26728
29089
19246
718
25415
28478
14563
29253
9825
16307
3960
22253
32372
26522
16556
7383
9054
2848
15495
7744
18299
4107
6984
30133
12589
8443
9120
15227
4796
30191
285
12845
5217
1548
16105
9895
17565
1690
23220
1827
25295
23376
1007
30114
14342
23505
23355
22926
29204
4726
17953
13469
13540
22606
11011
16120
22029
29283
10578
3741
30374
5183
8706
19969
28509
27567
9275
17914
17091
6599
4690
16093
2538
15654
4855
31971
3890
29052
8880
23506
2912
26697
22918
19929
14576
32487
14589
16827
12717
30154
5706
13360
19070
11527
29889
28808
24963
2579
25741
17553
21088
27341
14755
11195
1241
18879
12025
13690
18848
30625
18930
10988
31082
3615
4637
14268
2632
32733
28960
6726
3893
27063
20207
7931
21995
2381
15938
27399
5884
31935
19781
23090
27677
12213
20113
29700
197
6563
11867
15405
12535
12619
10219
25124
2651
14723
28496
5133
25492
19256
9043
30944
32206
16563
7081
5576
25750
26139
26477
8905
32751
4923
4045
4774
3234
4742
29443
20994
28373
31064
19335
453
4831
21887
14210
12481
20571
21498
21638
22678
891
17664
17277
8658
20640
8517
10464
13149
17959
29816
32042
4373
20613
20752
16779
19893
13462
12616
27872
5115
1074
26984
9443
19210
16642
3911
6047
23053
8593
31502
2344
20253
11430
17726
27016
28005
7890
26101
1788
26243
20037
22893
12385
17202
229
28101
23529
16166
26786
7684
9746
7224
14851
7771
15577
12483
4357
32170
2858
13646
6182
70
14492
5483
9661
6138
20827
18398
17292
7499
10853
29186
21656
11776
22010
23145
19769
21730
15437
28355
12653
24257
11392
24833
19825
183
31183
8122
23699
13233
30988
11725
4674
26922
29259
7496
14695
32058
23262
12680
24056
2512
27524
27810
13513
32571
26333
3074
13734
9712
9249
14418
7072
28039
12818
27806
16292
11526
9775
22709
338
14434
27691
17106
12811
28483
10653
11387
13900
10504
2553
16042
20795
8715
1727
16683
20096
20006
32754
8517
32342
13430
14540
19356
14306
14430
3248
23894
21955
29647
28768
28797
24810
1735
4976
1956
23980
24
13819
23758
28437
17259
1684
6027
17536
4228
7295
11876
1380
4040
25122
30585
12145
2044
950
11369
6876
8527
13890
25970
6391
22939
27338
20442
24836
3560
16835
9101
16203
15666
21195
7175
14954
26732
7319
30836
8941
13252
12589
18198
16670
11561
29267
32744
5406
23562
29255
12929
23861
32353
19632
19258
22119
5873
3029
13203
27464
12491
28173
20947
17681
31767
8054
11247
29426
10257
15338
12717
7082
7762
11567
29193
27990
849
14702
16344
16262
8233
21991
2475
7062
6557
4578
26870
7996
6233
11753
11378
27997
18042
13108
25023
8485
18001
8037
8782
30550
1636
30838
10110
8672
5814
23791
27141
31155
25417
25692
20626
721
30688
25598
12721
30375
12553
27585
11502
18589
32347
3950
7997
22764
6653
20514
13977
18863
22888
14847
26860
10814
31597
2593
21039
27831
6009
28883
15826
23005
4632
17411
24414
30502
15032
13812
32345
4879
30384
25651
6506
27571
7552
21196
17597
9116
27226
10173
18345
30937
9954
15019
15760
29264
29491
19668
15879
30550
20258
32069
20535
1405
18630
19789
11651
30893
29752
18737
5996
6519
4247
10529
17585
26021
32335
32363
10682
18198
27291
16623
8246
11465
21577
20691
12804
14903
19902
16504
2895
230
8249
31404
22526
30779
13404
6433
4171
10128
25576
32541
30897
13958
6344
3188
22796
22428
23889
31924
12028
16641
16840
18079
24458
10151
15140
4062
11278
28825
24342
2291
28240
3214
8519
17776
24557
12734
30177
25702
28924
26612
32080
7457
29170
6885
7498
1042
5315
9920
11020
7181
2378
4870
2791
1973
14571
28572
26876
28468
25975
2079
28484
28207
12111
24951
7379
7672
18125
13743
8797
4102
19679
25091
26617
19619
9973
31547
8229
10725
18974
31800
3082
3807
16749
17101
21762
30488
29602
20176
8024
19005
27654
30576
14927
23570
10903
2760
4453
10414
16229
2997
17112
8424
13628
485
32618
6925
3971
4145
5985
15316
24420
17709
22739
27539
13358
23037
8992
11186
27383
21354
21440
24672
8581
14645
28735
25222
20591
22442
12677
28153
20607
16249
21595
16372
20315
30658
21291
31173
30564
5743
27911
7110
20191
12998
7661
11407
4691
26174
27722
24682
3633
20370
12220
21768
15290
19477
13596
13682
9502
23365
25532
23105
21729
24738
18413
14866
21635
14273
9925
15925
32352
20124
32543
20389
9941
14892
7138
12349
24740
31034
7047
29736
24730
22898
4309
12186
17519
12985
8431
11453
16621
27840
17041
15855
31572
729
663
42
4606
31242
29119
8643
6207
32096
8111
344
2447
5254
18234
14596
30699
10390
4063
27092
31096
19247
2194
23423
6506
29640
16320
17489
20516
10052
7309
19817
18080
15814
23904
10020
26898
15046
24481
16857
3272
27493
5313
32455
11605
16125
18555
27979
1262
3581
7258
26711
1044
17140
23676
10271
27764
6635
4501
7189
4875
27128
29750
8472
3469
11536
9552
26600
20232
14877
20468
8158
30660
25936
6236
14810
23663
31417
31791
22396
2166
18197
2049
14999
16310
8935
1561
18658
17236
13258
2680
30705
24041
22533
23
13668
31459
28768
7023
8031
19752
31798
22078
8506
18684
15308
22665
18553
29988
19681
29405
26110
22347
30086
3547
20349
32678
4400
13044
21809
30676
21516
4720
16333
6408
22674
10933
27318
3433
11101
29894
20079
185
18746
14858
3924
17461
17279
30543
25740
27069
32414
28942
27449
6709
16121
23792
14833
11051
30712
17554
18546
14266
4441
1413
32657
16558
5832
4762
1396
6120
1456
23132
6657
6917
11600
30429
6038
314
21777
2742
27643
16514
7447
28489
7573
19964
19734
6217
12508
15758
1383
20605
527
1231
1627
13248
26406
25892
463
2637
11784
16681
11008
26937
19198
24914
30881
15425
19303
27602
19755
7366
24750
5051
31093
6678
6010
17255
19844
22253
3876
17944
11172
8252
17774
13531
20919
24872
19058
10930
19662
6230
28888
1009
19190
12902
20044
11497
16213
28093
8239
17348
3189
11144
26765
4528
10463
20989
22352
8000
29164
9188
21427
26638
8408
12631
14841
29094
5656
17862
8542
18847
28397
30526
15950
12043
6458
15082
13525
27410
22931
8922
28503
7385
30614
10499
19841
31913
1150
11143
16255
23117
28661
32311
8559
23227
24362
13654
27414
14583
31268
3488
2002
3637
9046
5515
27344
25918
19827
31693
13183
7444
25475
10014
30277
24281
30519
31551
32112
10989
10617
28475
5743
16727
328
22765
16194
26982
9411
4546
18479
23703
10371
22721
15799
22714
26926
5576
11976
7505
9033
25112
9012
22585
15694
31251
22114
17804
30719
31813
2628
1733
30969
6562
1672
29989
25484
6926
6163
29526
29642
24611
9387
591
20446
15150
9971
7543
928
20090
9885
8717
23142
20178
219
17863
2844
20289
5398
24761
27287
31260
10723
3705
6182
23362
7731
27265
22634
8099
15049
27604
4712
28159
14322
9189
8925
15600
19312
25780
31185
18987
21175
4666
13935
5891
27996
8967
13588
3631
7114
5162
17318
14028
13879
21585
28711
6310
20438
27185
9610
13747
23118
23080
2757
15584
7532
3873
22567
23056
22292
19129
5868
18274
6014
24736
32527
947
11679
16705
26463
21093
14308
6053
31701
26718
11558
32404
11813
27219
29147
4350
5267
8262
19849
22938
11016
589
21633
26061
10853
662
6601
32717
27159
14504
15706
21510
32748
20971
10891
1469
4644
27499
6862
30451
4044
14553
12442
18316
17223
7379
16040
20400
29486
5732
3938
6514
1370
10191
16537
7599
22590
6792
1910
18489
18042
17540
28851
1845
2222
12978
28938
27074
27020
23754
23022
4572
50
17989
1658
32127
25782
12460
21671
27407
4866
17174
16065
23799
28642
19181
10524
145
9307
31216
14339
31814
17215
17790
16881
26870
27902
19217
12804
31385
26047
24073
28334
7207
20911
8875
6318
694
2969
23145
13886
31714
18872
17763
7822
31602
1225
15663
14706
11321
21859
27861
26455
2105
15243
18974
9596
15375
1156
13327
16991
22923
17124
23216
13941
7582
3309
21522
29981
19833
29977
655
18903
28403
28919
12372
5553
24619
8758
1053
259
4719
13823
13120
30044
27741
20105
5357
29628
5960
10983
31412
6916
15326
292
29255
29354
29191
16017
21634
19889
26640
8798
17832
23001
1288
26216
2800
12051
2666
27218
22848
29495
30973
5335
312
26105
15609
24414
7282
26906
25963
16335
8200
22747
27354
25766
30807
18615
18731
30534
4611
30801
28866
22671
29756
5292
21226
2994
20543
6554
3447
17220
10783
26487
31146
17554
32453
24854
8788
5429
2869
9724
25918
9958
6420
15564
17353
30099
29799
16899
9938
19378
28318
28389
6616
8405
4817
3256
16737
18046
28489
10287
4249
22325
6210
6441
573
7129
18415
12956
22711
23348
16319
11979
10635
18385
20191
11200
14321
18
8704
19446
25283
21629
16474
20310
10650
18519
23025
14436
3381
116
19223
20923
20250
5197
31026
10167
21631
30035
27839
19057
12394
24707
19607
27632
6424
3643
7793
11933
19612
5196
28841
14328
10440
11856
20800
23434
31312
24638
13859
29210
18221
10043
15024
12580
6208
11443
22134
5767
1592
12201
28988
15486
3509
6219
30789
10705
28333
27082
22739
29261
6928
1640
1002
15217
30887
31187
24406
31082
31298
15793
18416
30786
21522
11388
2332
1364
20308
5776
28054
19715
303
11650
19823
16555
26848
14772
15698
6360
14612
20006
17164
18358
20629
28303
13131
28617
9769
23469
7334
13022
11192
31193
25566
27970
27820
1502
30052
12593
27549
3083
12315
5777
814
21895
27998
13025
20018
16357
19013
19820
23316
13048
5668
9154
11893
10473
2645
21096
22806
31878
12088
13775
9465
29149
4727
22403
7619
11530
12943
15269
30821
2893
17292
8859
7675
4704
12563
4870
24052
27143
422
16372
2932
5096
32548
8024
2550
21917
18575
17591
3382
2312
12562
21539
4174
18150
4163
8557
18463
8103
26533
20375
5362
22142
369
1160
14175
21172
27798
1283
19567
15169
31230
19674
21757
28829
7955
30559
19554
22740
24962
3100
4689
12761
12350
964
11263
24092
19913
6505
8327
24414
12207
15342
29838
29636
30547
13248
2338
2347
26605
20673
25064
31420
32212
13445
5751
19648
2809
3265
29439
23221
31924
20992
3118
11169
11972
24216
19028
24742
28561
29149
12229
29143
6579
29588
24191
11594
26296
2987
8460
11374
24354
25127
31402
13215
2992
7005
682
12280
19423
25701
3862
18281
30127
9164
29334
12041
8874
8841
20884
15277
20003
16690
21151
24761
10428
3440
11789
4406
17707
19377
24805
14117
573
18716
1788
13587
22042
2506
8285
9710
24268
10035
17902
20247
23547
29414
4433
30904
30202
12670
15369
8280
30216
465
14814
14765
21455
17514
21122
29105
15409
5946
32372
10232
30020
14730
2853
4672
17307
27700
19034
15946
13512
8723
20689
26088
29470
5304
2087
18776
1724
4446
6137
976
10183
4640
27210
3674
1526
30570
20260
25826
10580
30126
898
397
20545
2904
8046
8781
28346
4867
12135
3251
13019
17901
32005
17412
12962
17064
19168
25998
9974
27667
1965
7996
22504
13449
15530
29801
7736
10584
15165
17650
7707
21109
19927
19087
7995
14958
28703
99
9728
12959
21069
10449
12814
10153
11219
26002
17935
6688
8515
5636
7346
3972
16749
28613
12019
3955
24007
1409
28574
284
16915
12296
24590
31991
3899
3492
25147
26292
15744
2985
27636
25457
2515
11853
32616
47
21123
2746
3307
7303
10009
10082
8695
28057
3969
13971
2417
11590
20074
24395
16686
18847
8942
2125
26806
10396
19830
22900
3400
21522
23512
26440
30494
8671
195
15567
23537
11367
31325
14246
6848
12101
19498
27215
25806
7226
20528
30925
30698
31849
25433
9070
19954
29127
12568
29673
26010
27853
25167
16552
2154
27248
13169
31335
12806
20050
13796
30718
31922
11578
16553
13435
14101
7106
21566
13172
1853
21839
30147
32668
16100
20294
17757
30611
17650
3197
21464
23811
14403
17648
31632
23016
12201
13750
16529
28719
15157
11571
31741
1923
2738
10126
22190
3428
23923
3941
22301
23417
8015
30400
1666
22567
22249
23620
28989
1378
18741
20650
1653
29123
30263
4207
6911
16347
21262
26060
4993
14280
25906
26344
31191
5893
8954
25677
437
4743
15713
7064
16526
16133
14089
629
7349
21399
27776
15819
14275
31362
29123
6452
22584
9298
26880
4784
5733
4394
13984
20122
20617
1113
13957
2011
10810
22061
22160
20573
6918
22540
14951
13763
20571
16064
19573
7767
26276
1811
24626
29251
15797
2204
18852
25861
27753
10968
3622
29469
6025
28797
4712
26632
12272
19722
27063
114
23533
30883
10878
31912
4073
13852
27661
14156
6730
16212
20890
5196
9879
19396
18053
23572
31708
25943
20449
22275
31312
32636
5935
15644
7221
1146
4716
19967
32256
19717
27983
9495
12730
13838
6092
7700
24998
18655
7644
23964
1572
10598
11392
21053
13013
16081
26627
16807
16128
19036
30592
13848
19764
24679
27045
24599
30255
30668
22198
16485
6911
879
25557
11825
8807
18967
2944
3467
9604
28796
20315
18971
20400
27041
14128
27155
30119
16739
16692
19810
10217
30034
10124
27947
17503
20417
7951
12149
19264
31001
29518
8996
31542
13171
9169
14376
30909
29797
26276
18420
1228
20763
13331
561
1720
28842
16305
4532
27989
30882
671
3502
11102
10210
15114
2851
21271
5041
1270
25246
5424
15114
28730
32290
9965
25654
14284
17251
21380
30881
32319
28214
15559
21222
13194
28487
3842
13100
2059
8970
11303
19893
4300
29940
4648
10164
260
17130
165
13919
7393
5370
8647
29766
18820
32073
14956
24803
24142
13388
9604
7794
7002
17723
7866
8707
26954
24259
8280
10701
17991
7164
22628
28101
1091
22938
30991
15983
15489
27495
26705
1524
7256
17905
4813
24438
28468
28799
26106
14496
2525
21322
13700
12673
31484
13802
4080
11930
9435
527
18048
20789
9324
7793
11350
18937
10637
30218
20699
14780
9354
32642
14690
5272
27875
22763
24073
15169
17744
19374
28128
16021
24835
19653
7758
373
20013
19755
2480
11476
27075
28305
24898
10765
16514
28755
30275
6010
305
26794
24148
27458
25638
7715
14114
14450
11275
5456
19780
19024
9186
9917
10855
2540
15943
12581
20136
25079
14837
15334
6465
5336
28556
7603
9320
14589
11410
31625
6260
20335
16311
13284
14914
10410
6749
2610
14551
2987
11095
9864
32326
21322
22257
15764
2004
30154
12337
29907
2395
10927
22365
22275
24556
8911
8637
27868
6072
1708
28322
19963
2353
12033
19880
15903
20844
19355
23095
10903
10698
27754
28752
7163
25303
8408
7814
28699
1650
8537
31050
28725
25903
14148
13164
5995
4857
22241
8159
7539
5884
8131
189
6545
21186
14168
18314
20930
25755
12734
10941
2618
2371
31960
13436
26897
16575
418
11944
16954
14984
28609
4121
24500
19691
26463
20267
6660
31664
30005
15737
21730
20986
5353
20712
13363
4974
11675
32232
7479
2199
15547
1782
22532
27273
8989
25957
25907
12741
18511
12127
23513
19549
2090
7975
25529
32601
7847
8096
8119
30552
1524
531
7312
19579
31431
16685
6089
32126
6899
30023
13029
9768
21049
24043
26331
29926
2400
9363
19399
9139
19335
15539
2272
30778
21947
1274
170
3903
17605
3541
3437
30523
21829
10550
25061
24134
27141
10131
25147
22330
19591
26161
2356
31254
23520
4770
11689
25504
7625
18317
15415
22607
26100
26285
14647
3687
1948
21532
7920
25446
17760
30418
27660
159
29521
8808
30281
13093
32586
20002
21873
31466
21376
15661
31372
5416
18265
31781
18260
1536
4738
22491
14825
25954
30268
12628
198
29484
4342
21269
2804
13974
4129
11165
26749
11469
13376
4404
3876
19166
23358
29411
22355
22230
1285
6852
17749
23591
1612
25980
29381
16206
23984
4869
11335
13491
24327
5297
6006
7889
10481
31851
29981
6038
6319
28992
21417
10509
12345
19743
17886
31034
8842
18397
29130
27974
31295
21372
3063
2012
3680
3501
4837
1746
14718
27283
24247
1036
1790
31946
22829
7581
19124
32424
29138
26928
22196
195
8823
13991
17252
25011
6111
26113
32214
29465
21180
21633
4181
28640
21722
9484
22846
10178
11931
26580
9234
1038
163
25907
22728
18857
17876
4057
13672
15443
31101
25130
17877
1836
28110
10978
3562
3703
26256
3323
6601
3741
19475
14032
26736
11381
2663
5250
25742
23234
28878
411
24468
14590
9586
15857
17166
20310
340
10702
27700
19445
26757
3405
26044
9605
29336
28423
29683
18163
30551
15855
9996
10355
21429
21115
26552
31173
31492
2821
12791
16822
10344
1904
29229
5865
17548
18446
14456
21975
21395
13249
13889
30741
32594
18785
14865
28886
4540
94
7590
12976
29597
7335
23111
17059
908
31178
14164
31831
22810
4444
18209
27557
18512
16539
9732
24409
14681
4434
12205
6454
10363
2557
7862
16187
25164
18734
19067
29221
20514
28719
30508
11573
26827
8425
27681
21299
6526
4868
17517
3251
15122
1104
11701
23447
26478
2148
2371
2005
17217
31621
9046
18811
4083
7369
29884
21488
6619
4987
8867
9852
22194
25538
12461
17930
18503
5758
6466
17453
30581
6259
16426
14178
6994
5289
29531
2197
16554
19986
28175
14822
1452
15470
4634
2732
15842
28780
19323
7354
4711
786
21041
32482
29268
5214
15952
16568
26491
7470
8787
29592
9048
6237
8116
15595
22596
18223
10682
23973
13036
5359
27283
21266
2050
24022
32418
29907
2610
7471
31258
13348
7256
18105
27852
24672
5104
20301
22589
5318
32717
10432
19452
13181
18191
13579
7218
4566
13391
29865
26235
14802
16668
29761
22772
25828
13739
15749
28566
5111
28874
20314
7106
26803
27670
24889
2588
9212
20590
30165
31389
28092
11943
254
24292
18915
12417
9413
13005
24236
21978
18913
17221
28705
4642
5969
22365
13537
24079
3395
28573
26657
4498
18229
3994
15601
6665
10586
17866
5824
24758
32063
26008
11043
30064
16814
10164
28882
20888
12755
9389
32755
18255
18333
24001
18332
28902
15719
18420
15507
13462
21208
3423
25944
12402
22791
30923
26469
8857
18915
16254
31156
8624
28371
7509
24706
14736
23193
30483
22099
16443
14972
30457
1590
30485
17062
22423
31562
19537
14795
20705
10625
20649
26635
23429
29604
13650
27930
15996
21143
26159
16798
6879
479
5189
26584
27133
21857
17519
3975
8618
7276
13906
12553
29402
13818
14228
25540
22126
14899
14153
29636
23629
23859
11694
31397
28855
28429
11290
32692
3030
7440
10545
25425
32662
22601
23899
6552
22455
1352
17269
30784
33
22823
4550
7106
9591
1993
16180
10174
1006
10080
26807
26267
6240
27954
11023
3183
26524
10140
17586
8478
20481
6487
5129
21957
6475
6650
17883
18777
13996
8128
18442
139
28447
5772
21629
5359
24569
10282
10333
24414
3520
23000
15236
8601
30529
8965
3122
29486
24285
24920
21250
30112
15908
19956
13085
5058
6053
22523
15022
20580
6915
2128
18326
26673
20300
21154
9312
19160
14215
30630
29047
12138
9612
23715
11926
18435
12057
31796
30849
22701
31009
21578
20211
13697
19815
30064
30423
27664
11852
5971
19642
7169
23781
22145
7041
17147
1361
32625
19287
32709
1354
2756
31978
4267
249
11978
25815
4388
14863
10824
31586
15027
23825
11384
21611
11531
14579
32338
13214
374
5353
20746
12521
11639
6266
21978
307
30894
31190
769
14155
2557
26217
10764
4382
20457
22960
17236
9518
18499
22092
4808
1087
27399
13653
2540
9043
15492
32752
2850
8665
19133
1828
29225
16418
6672
11753
1507
6676
17685
6530
14171
31266
21449
15373
20998
22652
3564
27993
329
23170
19623
1527
20284
26239
3954
12436
174
8084
22581
25990
29289
24050
4781
17572
23478
30540
2834
16731
6692
27533
14327
21758
27270
18886
23409
11102
13115
24938
16251
32155
17330
5053
4505
3897
11564
22922
8636
374
6340
20756
2150
28891
16045
26704
30734
4370
25276
30545
15814
15095
31270
24324
13595
8433
24202
29
13117
7555
12850
7761
11616
20510
22934
966
7777
31802
11809
30920
28589
24229
20024
25533
26975
27930
11897
9563
28072
13333
20544
1304
884
18150
16752
16866
29770
30212
18800
6929
372
16293
26483
26010
29793
11915
1533
389
3655
6945
1955
17313
6924
710
4370
10102
11111
26985
13394
23931
14915
31062
24908
2441
16740
21839
16266
17808
332
20703
21823
15497
96
747
8071
29099
1351
26250
32751
2018
4243
32279
9016
7549
6563
11396
17752
4134
4807
14576
30402
15640
30886
12412
18151
4492
28893
6747
30717
32628
15337
12841
8191
10860
32327
7294
23285
24814
9433
18882
29301
13765
26764
31555
7786
19908
13624
7812
17172
13751
30664
29401
20560
21658
6042
11568
9754
19977
7977
3634
8784
26872
22505
7819
15288
20132
23922
1413
20037
13769
27617
11740
31894
19990
28027
11470
19136
32734
2964
8049
22093
21520
18096
29257
20357
6249
23015
18202
6124
5096
28046
27899
10763
24451
23827
7852
11891
14104
5161
31529
25088
22182
18213
27775
12635
14269
2728
28895
11714
17203
3711
31217
16140
19225
32711
22122
14055
24813
22101
23009
10597
23569
4437
14047
11959
9340
10032
16181
29240
5552
11444
32402
12973
3564
30575
25428
6090
32162
16219
27039
249
2859
961
31916
12632
7866
14167
612
32000
27279
30635
17710
23437
17261
21445
12293
987
23885
26120
4301
29965
16468
17754
21735
4308
2563
4485
29699
10990
20142
7900
32053
12780
12079
1313
31308
21817
30427
5542
7519
19544
21941
31923
27816
9069
2786
4648
24725
12543
4957
7523
10269
6396
12524
4196
1873
253
23891
32303
1075
22988
32199
20594
21962
25124
27301
104
18806
18103
8036
22269
4738
885
9929
30771
14328
27148
5977
15812
5305
29099
13332
9481
7628
13324
1376
21530
25335
15281
32324
31287
32140
1902
470
3943
24966
26407
23799
14174
17620
5595
2109
19364
4341
13537
17969
20724
4805
3186
29115
23523
23703
13672
4314
10434
3715
4165
32664
27332
30978
11639
18238
5732
19896
2779
30148
11009
21136
19071
2443
16331
19214
18092
17743
22499
3041
10020
87
16830
27832
23464
18158
1483
3159
8125
24343
10325
6890
27568
1405
17066
7833
30424
30377
14205
26204
12059
6263
1673
7953
18867
22475
887
16076
20786
3712
29698
14958
21700
1441
22873
14713
7349
26588
26820
15394
2099
14387
30603
26536
30804
8437
24084
27877
27739
12013
5707
15651
13111
19673
6470
304
22092
4894
16426
1717
8566
16313
11336
6083
27723
27257
31372
28847
2209
18795
17944
18464
31313
6550
15916
7526
23610
32745
21321
16653
5768
30322
16278
19378
18998
6609
28290
30486
5585
27371
1963
3441
6015
22755
8447
25353
20545
10054
23584
3586
19573
1157
29453
20600
13727
25769
30720
26827
12648
29762
19602
15418
12775
14240
5157
4020
6944
10822
9603
17130
25034
29340
16323
16809
1878
32228
1645
8039
5932
6255
2270
4380
2360
22033
22765
14675
11685
24274
29902
31360
1512
29670
2103
17300
12033
16608
18626
2767
16637
19746
29075
27349
18368
8600
8762
5637
14593
30374
9434
5126
2966
32350
24459
32162
21490
7927
29950
10968
2540
12666
22624
1836
23490
6335
22656
66
12893
17560
26163
17067
19158
30028
6648
14591
2362
21319
15576
300
26762
12047
22672
19469
11270
32122
4850
23359
13739
25631
22665
4400
9723
27146
6780
18296
10492
8372
9140
24429
5251
22834
18753
16625
15282
14764
31226
15247
7104
18193
29028
32199
17912
14089
4566
5797
11013
7723
10714
13721
11116
20081
10453
7298
4442
31208
1771
30732
22432
28076
25629
4668
25084
30996
8884
4937
2714
21802
227
17582
10458
8286
30120
2685
30036
17019
21747
1782
28442
19673
32522
7256
9788
10965
7980
16631
3986
13950
15732
22927
17845
1425
10241
3544
23375
680
30548
19290
8853
9902
12793
27267
3601
26262
21354
10743
3749
10572
14896
29735
4813
23020
16715
8997
2852
27187
2260
14007
6186
22835
12769
12458
17732
4682
4521
2920
29956
14420
8169
32461
25259
12576
9350
1847
23788
1313
26739
25308
7667
26470
28117
31073
25766
31180
29541
25000
13099
8563
18198
31209
22186
32622
11257
17924
7252
25023
22365
2069
22436
16514
18746
18249
7652
7016
976
14577
23284
19303
26251
16341
9031
7344
12330
30155
26414
17634
27680
29576
27481
2429
20282
19125
10906
10905
18307
26182
1261
26072
17253
17671
24502
9625
29712
17015
6985
12398
3872
25050
431
27857
21369
20362
4776
3346
21878
3214
20716
14228
22084
30829
29878
32569
10888
11588
10115
16411
29768
25111
11543
13437
13320
18277
7618
22017
30003
4607
5601
24347
6589
10266
32423
197
2311
9378
21534
8308
17923
9425
3176
12875
12440
5121
1099
911
30280
27070
5357
2396
30224
3616
14043
1942
7055
22615
22096
9249
30059
23432
15541
14933
2801
30168
13156
684
13563
21958
17329
25278
32279
27069
14379
31088
19941
28137
17183
15208
25537
3147
28254
13252
25762
17160
14400
15627
66
1287
489
18019
29056
18618
13003
30981
24066
31036
13676
20975
22814
32157
12650
984
3579
19066
9916
13673
21747
12752
20026
28586
14396
25873
25440
20667
11208
23928
15183
22212
31849
7834
19732
22318
14905
1855
3885
30228
8761
9327
20041
12788
19256
15056
24912
22443
6647
31279
24227
29344
16522
3932
13989
3391
19713
2107
22394
21929
2888
15896
15887
31401
15948
14907
6234
21739
29791
18620
23779
12392
31454
11673
31619
18981
13585
12294
2923
22045
23122
28676
6761
8571
24434
14901
359
9485
3928
19951
25141
7158
5867
18831
12936
29347
2099
12560
30786
8704
6330
17116
6899
19179
7993
3809
28320
9705
5232
1000
23492
6935
6998
26402
18581
5732
21618
27140
10120
27646
137
21077
20247
24842
13945
26758
32450
11416
12389
8257
13652
1238
29714
12100
15463
3203
23185
1648
3370
13479
15135
24861
29282
26242
15689
24241
2991
2498
5716
23153
5649
15097
13787
30103
7594
17997
9658
1956
31942
14962
8491
26871
19480
10197
10031
19359
10310
24602
3120
5742
28841
18889
20196
30286
25422
7236
13428
6616
14912
6141
28638
19235
11785
3813
22680
23514
374
20776
29814
6034
31387
21015
22733
12378
27927
6501
9945
22931
14745
21655
10076
1282
26275
7350
18824
30243
13966
17479
2335
8128
24271
16765
32729
32707
17528
2220
9734
27977
25090
27393
1652
3319
14921
19825
27027
24465
31960
19439
15319
7880
16231
7394
13150
23636
28834
18646
30931
5955
26668
2673
22418
15249
14308
27305
14604
16376
8807
27957
28525
22025
23254
24897
4989
24700
29145
10854
31172
9157
5091
5593
754
25832
31928
4067
19326
27277
17453
19857
32396
5207
26671
16044
20500
31858
14343
23531
25153
22379
1244
9576
6679
1605
15226
25937
10073
3785
19282
2784
17322
28189
32449
12685
27890
31128
10389
10370
7939
16853
19149
3663
20605
11270
6816
21727
14062
13707
1473
16810
5694
5572
7394
15917
8011
12835
1911
3223
8656
6277
25788
13510
5515
29634
15865
15729
16031
11906
28164
1447
28983
14419
8712
21112
14444
8441
22406
25842
25705
32261
31641
11343
17356
20138
3966
26732
3152
20939
30291
20605
13993
600
20511
4608
20912
11739
1555
15343
4288
22862
27664
27194
6496
26672
7017
17780
21538
14808
27369
10956
17611
12552
10264
4160
11699
22981
30138
30989
623
8550
29593
3690
28078
21740
4996
12405
28257
22929
16280
4974
20511
21412
13758
15651
711
12179
15477
30379
5479
16714
5330
1623
22620
28091
19908
17894
27323
4798
23709
26872
14064
8476
7886
1990
8869
7398
10482
16911
30182
30732
1807
3670
15746
31530
21016
2378
11444
12453
16054
22918
16898
1527
2375
31610
13158
5959
25384
2473
26028
22845
17711
21782
29467
5396
19324
25080
1367
27377
32370
7349
1670
20083
11520
23310
28082
12683
15397
32151
10862
20878
4019
17771
29629
23176
28755
12829
32303
21716
4809
31730
23885
4329
9337
32333
5175
1399
298
9834
6540
21427
30219
14927
21130
26094
13811
3072
18807
23661
25325
27891
9023
15477
20724
30147
6238
5541
26107
30248
29952
4489
15153
8487
25703
8555
25474
18822
2958
15980
31585
17027
14092
28628
26053
14534
8250
2983
23153
6035
3480
25977
10617
20036
21101
24450
22530
2551
29102
4597
31305
14212
26657
31886
28391
25010
25026
30314
24403
16298
24166
20508
10664
1963
2462
23549
6056
23040
18910
20675
1793
22575
19167
14934
26320
15476
1857
27871
11876
1389
5493
11809
12612
2583
15322
2316
29811
2553
4134
32655
26866
3487
9736
3759
12167
11082
4364
14550
18877
998
15806
2669
23596
3132
26130
19628
26106
30313
9475
23217
4514
20367
28027
19664
756
9674
26739
28203
18014
19046
32347
12418
17769
1103
4028
4684
25734
18120
8476
11014
11787
16480
32290
20939
11897
22050
6138
4645
26112
24333
8955
25379
29509
13252
14215
21675
23394
26246
31283
10002
4910
14175
3880
234
11712
6304
23754
14107
21550
22414
24983
23350
27290
15703
8529
1029
1648
15434
27999
1127
6633
32070
3185
1114
30932
24947
1379
12378
6805
19505
4452
29418
15726
18766
31063
27760
20221
25468
25209
7493
15878
16130
20036
30221
6515
19633
20884
16964
8345
10522
18185
8474
10429
31742
172
129
31703
27654
15573
20100
5269
31412
25164
21722
23459
23706
18350
29371
18986
8650
2578
10482
5527
17037
14061
11316
18589
25688
19763
29104
28029
27387
22975
27111
11653
10780
13045
23998
2518
19172
6054
8657
4459
14840
13619
5131
14423
12715
22774
6004
13390
13426
20701
585
615
2968
16216
12882
31264
7730
26230
15216
4515
13398
11851
25718
14152
31368
27284
26169
25690
22901
9118
8427
19742
30180
26211
15268
21009
27881
24566
25154
5746
8283
18466
5491
24576
10121
24398
16656
9221
14377
932
3245
26003
7057
8563
6766
18702
1066
721
10268
234
22305
17028
18039
30646
15967
26147
6862
23386
5820
25464
24270
28061
3695
5417
4760
15850
1993
25239
5398
12371
5156
7943
5774
30166
6934
25600
6519
23007
490
27379
30092
2319
26448
10786
4384
13628
18259
14522
17585
15033
7052
15938
7359
10967
19349
28985
28126
24491
449
26875
28427
32018
14346
18149
20028
755
4427
31417
29499
21700
21168
9796
25779
23120
4458
25662
907
7607
26791
30321
4212
2742
19393
7966
12222
13096
18613
10652
24432
15565
20184
26178
5015
23627
19909
7559
27870
370
16538
15976
15711
6340
31076
19466
20409
1589
16599
20129
9315
15663
7747
19344
6464
6617
23491
2258
12147
24473
6840
8088
25460
216
3189
8755
19299
5125
9020
22837
28573
6620
20330
23507
4494
30952
7406
1934
21702
21062
17663
6931
32334
5037
2063
30815
15932
27307
25594
21030
14213
32049
31364
18550
14867
2898
15362
14488
25367
24136
10839
17463
6049
10424
18466
21443
3438
15415
2102
6168
22016
14348
20811
20315
8180
5431
27123
20773
8849
13235
24783
9700
26525
19705
17666
11646
26484
28613
17126
6455
11099
26908
30974
15572
27153
16014
6444
31488
21159
7609
10788
20720
31122
25870
32033
17731
7167
10712
11223
15916
11622
24441
12968
722
25442
1015
31514
27639
13248
30136
27273
2008
30933
22154
18713
13653
12309
8167
5359
31314
1762
19574
5537
6493
10658
15060
17386
10897
2324
11669
22947
15290
2532
3206
7662
15290
21117
19253
16821
13611
11038
6324
24659
7237
9264
15513
30864
13314
30423
17737
29139
20097
21447
27511
403
27816
5209
20199
1295
270
477
28792
9023
23064
10034
3425
19210
30562
24725
16315
25017
20064
7607
2112
13740
16965
2578
9554
2379
21283
3964
23359
19008
18516
26365
4547
18660
23066
11230
27342
1014
7810
9474
13960
23699
15758
14458
26770
18018
12434
15699
29327
18448
4319
8114
10212
24572
14751
2852
3771
8499
16640
3887
16974
7326
3221
29229
19042
27258
1273
9818
3089
26633
11445
5419
14285
32135
7779
13537
22690
96
13844
7263
26811
1440
27120
2360
3880
14507
5660
3085
27359
2606
16353
20246
3840
19285
5130
11006
5213
2367
9357
32244
25657
15535
10606
30975
8272
8708
18657
22417
19480
19819
10927
13664
6983
20307
23258
30321
2453
32033
16260
30069
8131
12837
9741
27737
2524
7373
11132
19225
25275
27673
1056
28885
22733
29007
26231
31526
4120
2544
7502
8114
25980
26090
1322
17406
30521
32271
30951
18308
5810
20166
29087
13318
1905
11009
24013
18465
12138
15215
29618
4133
7300
32242
760
292
853
22867
2454
19017
6957
6453
4083
20587
31575
26183
4174
2018
23963
3774
27997
8346
27143
13059
15412
14438
28656
10920
25961
1942
12339
13729
24950
15307
7360
19889
5214
29962
12634
11298
3220
6416
18840
22457
10520
28901
6192
20201
27363
17588
9076
8775
30085
27098
27421
4926
781
30525
6984
2820
20265
5087
28862
32204
15758
5043
12920
3646
16282
22191
25699
1316
15672
7714
5984
29030
1285
19528
31375
1080
1969
16923
4557
32146
25255
20333
13691
15584
32240
26932
16258
18940
16724
6693
2451
27225
9411
24964
8372
5761
8180
29754
20984
25537
15692
5160
29837
13858
21505
29115
5372
20124
11647
19392
26029
2439
6667
16762
6314
24914
14502
2802
1700
2423
30260
2959
18235
13742
2013
29414
7802
24930
25780
24531
25505
11105
662
14793
17704
6615
23125
13414
3584
23165
30486
12619
20508
21262
5368
29738
6192
5627
4855
23840
3769
3935
15375
7494
10813
32309
11172
6531
22228
3529
20769
28580
14055
9068
22240
20910
24888
13420
28746
11122
16418
14403
21311
18019
30243
2831
24760
24485
27543
21570
16554
25702
27078
17819
29998
18545
26401
18005
10464
11008
26825
24222
15492
15826
7505
30538
22512
8830
5317
16841
550
12807
14827
23638
1216
25264
28872
1650
7825
16402
32358
31121
18825
10603
7637
14867
6105
19001
26224
29813
27736
264
26465
15049
4645
10376
7272
13923
30606
30434
8152
8662
4145
26444
15842
7967
8801
25052
19733
15903
972
5529
28710
18255
2394
14552
9453
7855
11864
9158
17585
21247
14037
31041
22949
11570
20812
20972
28082
21536
31620
7554
13943
22651
11957
11882
17039
15620
5868
9100
3090
20222
22960
9316
5214
25315
12262
9044
27927
18775
22258
6719
21100
4186
7455
30035
15004
25793
3393
8230
32441
10215
32153
26885
173
3488
1528
11913
29306
22126
8487
2922
8902
31224
32135
29848
29334
21943
16629
32136
22618
13299
17392
14028
5162
16110
2046
23271
31055
13407
27979
15711
28933
27937
27540
12308
6783
3373
21059
21199
11308
28614
21468
286
31289
9203
24727
21088
18007
3378
5199
24604
15550
31851
15258
18071
17009
21795
13370
5029
30916
4850
11444
6079
6684
17207
1854
19798
5111
18186
25566
19047
556
29042
5585
28752
28531
21976
2090
19938
32551
23228
21947
26551
25675
25767
6200
23237
18892
11617
12954
3380
4101
7011
6850
24941
904
11663
26207
8052
28956
20255
7953
2167
15106
10204
8655
18599
21373
15504
3462
15174
16529
29629
1282
13569
3338
21135
18450
18561
19136
1552
26599
14653
2586
3227
6846
4242
27345
5011
29375
2325
10742
23892
31780
17448
20791
17258
1693
32203
27486
10498
7667
12981
25114
29085
30188
27812
26882
20492
19824
10481
6615
408
3305
3431
9737
18817
9200
24405
16765
16554
27173
28898
10894
19858
1886
30881
29522
22662
9989
1893
28702
4117
31419
4183
28492
20933
20545
14149
7739
2820
16025
22845
16280
9825
11880
859
5852
22780
16799
19423
11542
25659
24154
16770
21227
8127
24841
25867
987
24471
14797
24861
3782
2739
31013
29779
10158
30107
4041
16783
18110
21857
17878
31374
30859
24275
11564
6336
923
26102
4884
6231
1828
4528
13607
27038
30485
30661
15723
3213
6490
13573
18878
2714
26716
21955
632
17105
32456
8840
1100
15399
28818
9481
8559
29196
13625
31063
15868
20287
1868
16214
19352
19174
23853
16496
10322
23518
24341
7562
25804
13904
32344
6455
13728
1925
4587
21036
5117
9211
7203
501
20881
23480
7615
5094
9132
26846
6697
10323
27042
11392
12537
22532
12913
11700
28859
19427
17827
3817
18162
31992
13174
28027
12637
12439
12347
24453
5240
1240
16124
1015
23366
8520
28513
22760
17486
24542
13012
19501
32739
561
3300
14890
937
18151
8935
20200
14165
29553
28388
32104
24244
9718
6576
311
25839
908
16470
7747
27917
5806
10428
4845
19385
29163
10628
28767
20038
27355
18737
19744
29424
343
22667
1509
30309
18153
3140
171
23172
23170
23003
9730
19044
19563
7105
1196
32664
32382
16571
21350
3249
21654
2695
17670
12549
18756
8130
25286
6575
15044
29961
24800
13271
1071
20831
8539
29748
14065
29134
22820
14286
2174
4177
2912
8713
18497
20978
20225
7135
29141
24624
4759
22637
12152
12707
21097
689
24765
17891
29893
30866
31105
22693
16532
14112
19743
20519
8753
23582
6632
27343
12924
24766
26829
28687
13354
29099
5471
26763
31583
2124
4602
8574
29566
10568
15420
32601
14144
27717
21948
25518
28419
12534
29945
10829
26981
9556
657
429
8722
299
5812
8845
10970
6873
19159
10970
11015
14674
21421
8148
26861
18280
30547
23405
4546
19530
13259
26865
13232
19786
10667
5356
7721
31971
7958
13385
7291
23290
12012
26295
16036
10852
30782
22609
9319
24489
25093
18045
32415
27911
18195
19476
15060
4026
7753
14532
3340
635
29451
30643
19427
14663
16881
18789
21214
2657
3519
21728
24317
26778
16536
21518
6543
4816
11630
24418
17738
23733
17853
7358
16795
29905
22393
21909
22587
19403
26437
14413
2307
228
31461
18663
18433
30660
26614
17633
25035
31609
31452
32347
31251
4797
2557
29306
22652
26999
18733
7946
30636
29573
29032
23399
2723
11449
4295
14493
27723
6689
5805
11470
11600
28812
28737
3540
13361
1097
18722
7976
9112
26162
17494
14082
31463
20970
16771
16066
9491
20834
609
4751
27061
14754
17519
1086
29790
25798
8933
1397
26155
19782
21738
15632
9626
28283
7176
3011
24732
3679
30429
17409
29932
21653
27667
6429
12958
21161
402
2480
11515
24984
13299
18746
3468
30867
568
27916
7541
24832
25019
24677
30981
27586
11877
25563
8586
3002
27424
7164
24938
31117
26255
29494
13935
17576
6140
21236
13923
30082
18578
30730
8669
9505
23756
26195
6490
11744
21037
16280
10383
22895
17714
436
7166
12315
4997
28662
21704
19792
28275
11207
3778
23900
29088
16525
19658
10357
4601
9935
24412
20222
30955
665
14688
6918
8146
8482
1862
2834
16309
31148
15445
31260
26928
13740
2624
2267
22705
1067
30459
11333
23272
15468
1228
1363
21880
5071
8357
26116
18419
27381
19121
10148
22789
30245
11565
13902
17391
17646
5497
30128
14903
27918
879
25358
3486
23699
17139
6281
13907
5952
17355
5538
2406
25394
9138
28922
13183
10436
7847
22363
19408
2479
22923
31740
4936
29558
15083
24065
13322
12545
17947
1858
5405
16263
11396
10317
5733
27314
2366
13742
18642
29694
31458
27246
30423
18787
3993
21465
4382
3891
14201
19076
21370
325
12562
31887
13853
28499
9283
27944
32523
22689
24403
3408
1998
27359
27196
20962
2923
26705
25674
27345
4246
14637
24549
32689
17442
11333
12459
5497
22459
10981
24515
391
14551
25599
14957
3556
13290
12933
11997
13002
22489
17175
27465
2403
11698
15582
29505
23508
6298
29112
7999
30330
29191
22933
14975
7795
13871
23841
13072
20833
21696
13219
4140
12906
31185
22564
8901
18564
25368
22997
9312
29167
5470
2987
14374
12546
1585
22348
568
13867
3545
14126
18756
19250
13709
7165
22102
957
13798
16702
1776
22297
14739
13619
17756
1847
14415
6142
23361
30965
32272
22024
21109
24991
12929
24996
22546
28086
29875
12272
21964
17648
24335
31996
13697
3967
1936
6959
786
24726
20527
20966
24690
10794
7070
3933
32764
7670
14904
29139
6410
8129
9017
27625
2755
11491
20010
2124
8500
23814
16544
4243
12451
24618
9254
7019
31519
7660
30840
17905
5212
23047
13810
7263
14270
539
29767
30187
17588
2221
26998
18412
21831
29039
21754
13375
8947
29378
11073
22249
11701
20602
5472
5885
22885
21473
6405
32449
30022
1278
31917
24332
25052
2327
15383
16882
18685
19060
8440
28835
7211
19814
21488
4241
19745
22152
31165
7121
29868
17989
12463
14532
23484
19866
603
13558
6843
24605
7572
10054
17181
1855
27799
32072
18233
31438
23430
30695
5207
8894
25368
23375
4874
26152
11150
22026
448
27539
23529
25448
23959
11891
26970
11557
19826
3567
31482
12358
17229
14567
13755
10564
18381
6966
1182
2924
9243
12340
12583
1926
24051
24191
24591
26037
14840
16636
17976
13982
14411
280
10726
8140
16219
9812
1067
18259
26879
32512
22179
8884
9666
1606
2402
11521
10877
27499
25899
18498
23596
7762
32226
19990
11770
1346
8516
5022
9630
16360
7638
25750
31210
7072
30235
14789
32673
7408
21514
11928
22666
16981
20671
31242
6338
25667
25713
28358
22102
22119
4772
18064
22289
11823
9888
15585
20627
21132
5153
15569
28323
14583
20560
9786
5063
29618
14066
28187
2065
30032
20448
7738
2619
11639
2231
30734
30455
25317
14032
16091
31360
28337
30067
27935
117
15571
13383
22829
21991
13799
2573
3352
12721
30254
8078
21970
5895
30166
18130
19861
18002
1659
4755
25986
12347
18925
497
12937
7942
1588
5224
392
2594
31441
23038
30391
18430
6983
21441
15427
4638
21210
14448
1081
3949
13719
29049
24998
22741
17044
25635
15613
11277
7033
23309
26552
16562
21823
9175
4930
29594
17976
13599
12053
15461
30032
28847
29215
8532
3730
22004
4971
7519
238
14515
30205
11393
10553
20471
19454
29271
11893
12622
29977
12009
29523
3124
7204
30152
16630
14800
22531
23385
3834
29918
21449
3184
3253
19949
16929
1056
20412
12234
8173
21458
19369
2108
2604
12693
30492
26865
11041
16565
16896
13497
690
18575
16656
11506
3598
19875
12953
29507
4754
16619
16513
21390
4078
14700
9096
27167
7555
27658
3022
31274
14096
21920
29334
2164
15502
19280
14665
3664
10584
25880
14782
22733
18063
30374
11192
26670
23741
2670
944
25498
10424
4857
11989
29973
6090
18048
20562
8623
3854
22713
25551
29179
16925
1777
26938
32451
23786
10843
32199
13818
1259
17576
1589
27634
30074
15063
20052
3280
15226
12879
16836
572
21565
17451
8703
8541
13221
31445
23961
13572
30090
19926
27847
30759
15964
4076
22303
5266
3850
861
18078
31193
4130
2188
19439
8337
6201
6858
14314
3519
29069
3950
11868
10897
8937
19240
22022
17484
16329
24978
18920
18566
959
21256
12223
4501
15637
23738
6092
22343
19124
3839
2519
6100
12612
7661
25460
3344
2965
8230
27525
485
23102
12276
16128
7169
30340
8857
31474
28108
11389
18912
18372
25757
16501
29688
10685
26413
25488
7554
15049
14412
23473
2537
12665
29138
25243
13810
22858
11225
86
22676
24618
9257
25813
26121
7480
31220
1237
18725
13516
20932
32264
18151
15799
30129
1651
16462
19404
17879
27412
18029
927
3335
25033
13506
7052
3517
12909
17860
28155
23378
31556
21947
227
21363
5273
18388
9869
19410
22437
16757
7067
18459
19635
12238
17992
19498
1154
19377
31473
7803
8427
4003
27093
3810
20675
21555
6681
5500
17155
1674
5647
24037
21798
11588
11447
4779
211
12158
27782
32003
19644
4656
15207
19643
17606
8126
12288
7280
15722
11721
4150
1537
26203
30027
6387
23363
28777
12515
29478
22263
19109
30061
31244
23033
15046
30934
13999
2234
21707
15150
13484
23791
5602
17919
5176
32651
9865
30174
32101
32491
2035
575
22690
13649
12461
14222
28801
29588
23681
6011
24766
17430
5019
21397
30332
23029
11498
22042
26065
134
20425
19725
30853
7935
14559
27530
6679
9331
17987
21847
25857
28676
3812
26811
5437
2388
2345
23187
1032
15676
1236
22690
4326
29377
31788
9769
7142
19523
91
26295
29991
26872
17685
2883
26011
23193
3962
5496
13579
9051
3134
9552
20828
20513
20743
1252
31504
752
3350
9859
6928
419
11562
18689
9640
7392
30369
13905
11987
842
24033
20566
5049
21752
7158
24567
23926
2855
18300
23154
16669
2091
29888
4338
24828
25516
8482
32355
13090
18190
28094
10117
12575
28209
27979
16703
13579
8283
2370
4407
10186
13682
16963
15519
25741
31599
20406
31058
30108
4111
25262
21791
3668
715
4114
1892
26219
21259
9726
223
23164
7831
28775
11714
30143
5198
12542
7685
18711
32538
20055
2048
13139
32035
32331
22841
32429
14147
28571
18811
30615
11451
14037
9256
24760
26404
636
15311
26673
10920
23139
15361
548
30321
28250
19809
19575
26978
14348
16379
24533
24325
29736
12247
12790
22725
14015
22477
27937
1886
7918
1690
24815
2193
28092
27188
28753
11548
1093
9563
8404
23273
3353
25457
12068
24454
21727
24203
19663
18133
5694
3016
27468
2565
15613
25058
14396
10944
25704
28162
12015
3750
5366
10969
25386
12027
1322
19948
26920
28828
25015
32559
32478
14392
24807
11990
23172
3772
9533
32104
16976
27151
13146
27157
20869
28160
32541
15177
3756
14717
21518
21889
14113
5125
7421
29790
25554
3935
20198
31223
27460
29069
31512
18548
9431
31484
19606
23001
29002
23805
29886
2591
11393
29817
19240
18313
27782
7391
9425
7477
12751
12130
9849
19442
27839
610
5705
25937
31854
32039
28857
7423
2733
5077
17585
17489
26949
16284
6894
9249
21632
18224
27816
10457
16107
27513
28018
5325
2649
19595
11361
11470
21035
6872
20592
4859
10959
26788
29731
17371
31367
12218
25707
27049
20332
24414
18122
31215
22194
1666
27319
20823
22829
28221
19012
16829
24852
14456
32254
18056
27910
22251
10261
21307
21578
28232
6845
28743
16475
31157
15827
6692
24484
17024
30660
5791
13704
14
7595
13430
11173
13333
11961
10530
18522
5899
24282
244
11910
10463
13461
21859
19091
14822
15924
15781
20660
24
8742
11644
28778
3196
3745
13907
24909
13537
19596
24201
11529
17871
31131
781
23207
4285
11708
30507
24334
10884
4018
22181
30409
28180
7423
15878
19722
5990
10504
23859
5103
2738
22388
6211
29189
7137
5589
10896
26891
27205
22666
14
6648
9352
7908
14556
2623
18658
647
2841
20049
13711
22035
30457
15715
7553
5892
280
4722
13650
14039
26382
7813
11388
32623
579
28723
18124
5814
19717
5220
10772
25991
15831
21596
13345
26060
27916
5365
27884
7139
14485
15147
26900
16199
23064
14814
12428
22124
9026
11476
32145
18922
21597
9470
26592
13022
16677
2556
20517
26765
14295
13538
8118
4427
24204
10301
12417
15004
31429
2385
28996
15512
22343
16037
6652
27796
15401
22466
1183
25342
11563
8759
32269
22665
25161
4064
9028
24202
11920
21096
7892
30370
18737
20493
23188
19870
11476
21923
31122
7579
302
10716
11856
31598
17110
26054
16685
4931
7508
13973
23329
6275
11131
27811
26797
27900
4602
31669
10514
17212
10285
20608
15810
16445
9017
8044
19988
24648
30551
4247
4923
8979
25456
27933
24697
17197
23275
12695
31632
31899
16835
10721
22906
9924
11996
31265
4953
9610
10391
14596
10161
30138
4004
32587
23509
22694
11287
4231
20895
25360
4286
288
9572
29514
18610
32156
10279
21148
813
5918
2573
1510
12699
14637
2321
4486
19444
11447
30713
13436
12104
